5.835151
26.811081
73.840338
159.08636
285.055554
465.706096
723.57964
1097.090708
1507.484236
2021.190044
0.00572200000000001
0.00660400000000001
0.00800300000000001
0.00909500000000001
0.01049
0.0121330000000001
0.0134720000000001
0.0152030000000001
0.0171040000000001
0.0189200000000002
0.0208630000000002
0.0230070000000001
0.0256110000000001
0.0283770000000002
0.0314510000000002
0.0345660000000002
0.0382330000000002
0.0419520000000001
0.0454570000000002
0.0494890000000001
0.053663
0.0584469999999999
0.0629929999999997
0.0675869999999997
0.0728429999999998
0.0788149999999998
0.0847829999999997
0.0907629999999997
0.0974409999999998
0.10424
0.111737
0.119375
0.12833
0.136777
0.146488
0.155451
0.165416999999999
0.175887999999999
0.187077999999999
0.197732
0.208706
0.220966
0.233536000000001
0.246391
0.259680000000001
0.273412000000002
0.288277000000002
0.304340000000002
0.319829000000002
0.335773000000002
0.352308000000001
0.369088
0.387984000000002
0.406177000000001
0.425416000000002
0.444908000000002
0.467086000000001
0.490282000000001
0.512967000000003
0.534666000000003
0.557657000000002
0.580595000000001
0.606222000000003
0.631619000000002
0.656728000000003
0.684767000000003
0.711637000000004
0.740052000000002
0.769000000000002
0.798186000000001
0.827136000000002
0.864332000000002
0.89982
0.933404999999997
0.965888999999994
0.999733999999991
1.03511399999999
1.09295199999999
1.13074699999999
1.16771599999999
1.20769099999999
1.25153099999999
1.29201699999999
1.33467899999999
1.37733899999999
1.41885399999999
1.46208299999998
1.50803099999999
1.55373199999999
1.60063899999999
1.66357399999999
1.71219199999999
1.76034699999999
1.81161499999999
1.86419099999999
1.91818199999999
1.97882599999999
2.03404399999998
2.09112999999998
2.15023899999998
0.014641
