1.357898
6.58257
18.14751
38.644002
70.232781
116.277377
179.107874
260.313406
363.001777
489.998766
0.00201
0.00761699999999998
0.00819499999999996
0.00885299999999994
0.00961299999999994
0.0104709999999999
0.0111329999999998
0.0121519999999998
0.0131559999999997
0.0141689999999997
0.0150579999999996
0.0162609999999996
0.0176899999999996
0.0191439999999996
0.0206139999999996
0.0221999999999996
0.0238299999999995
0.0256609999999995
0.0270769999999995
0.0289239999999995
0.0308519999999995
0.0328429999999995
0.0348339999999995
0.0368049999999994
0.0390279999999995
0.0413869999999995
0.0436929999999996
0.0460189999999997
0.0483839999999999
0.0509620000000002
0.0539580000000003
0.0569030000000002
0.0600000000000004
0.0633370000000004
0.0666640000000005
0.0699250000000006
0.0734510000000008
0.0773130000000007
0.0815160000000006
0.0854950000000007
0.0893960000000008
0.0935640000000005
0.0982490000000004
0.102886000000001
0.107602000000001
0.112541
0.117615
0.123252000000001
0.128594000000001
0.134169000000001
0.140679000000001
0.146632000000001
0.152734000000001
0.158989000000001
0.165784000000001
0.172531
0.179262999999999
0.186855999999999
0.193899999999999
0.201091
0.208312
0.216006
0.224312
0.232577
0.241843000000001
0.251078000000002
0.259879000000002
0.268890000000003
0.278167000000003
0.287888000000002
0.297194000000002
0.308230000000001
0.319154000000001
0.329505999999999
0.339928999999997
0.350760999999998
0.362271999999998
0.379253999999999
0.390705
0.402411999999999
0.414552999999999
0.426987000000001
0.439498000000001
0.453955000000003
0.466942000000001
0.480393000000001
0.493847000000001
0.508055000000002
0.522109000000002
0.536389000000004
0.552103000000005
0.566964000000006
0.582261000000008
0.597796000000008
0.613488000000008
0.629358000000008
0.645783000000007
0.662364000000007
0.679440000000009
0.696509000000013
0.005127
