8.8792
5.9913
5.793
5.6893
6.2069
5.6487
6.143
5.6011
5.6901
5.5971
5.5963
5.5917
5.6142
5.9665
5.6086
5.7943
6.8474
6.2593
6.2008
5.5912
5.5981
5.5812
5.5822
5.5925
5.5909
5.5679
5.6264
5.5912
5.5986
5.8257
5.5794
6.0613
5.7021
6.188
5.6612
5.7726
5.6425
5.5715
6.362
6.1016
5.732
5.5953
5.6446
6.1839
5.8181
5.6622
6.0567
6.1096
5.6775
5.9085
5.608
5.5715
5.9974
6.0807
6.3119
6.2787
5.8822
5.825
5.7189
5.6226
5.6167
6.2769
5.6037
5.5986
5.6768
5.6201
5.6287
5.5897
5.6673
5.8888
5.6497
6.166
5.6014
5.6768
6.934
7.0988
6.4335
5.8587
5.6737
5.5769
5.6931
5.8395
5.608
5.9977
5.5695
5.6448
5.5927
5.7723
5.6259
5.5935
5.8702
5.5774
5.6024
5.6175
5.666
5.5764
5.6088
5.5851
5.6574
5.5879
29.2581
22.871
22.5465
22.2394
28.5987
21.299
20.3249
20.4733
20.5129
22.2267
20.4069
20.2316
21.044
22.3079
20.9848
20.8241
20.6125
20.5757
20.8895
20.7995
21.4681
21.1516
21.0044
20.6621
20.4127
20.3844
20.3461
20.7109
21.2063
20.1905
20.3246
20.2421
20.2242
20.8179
20.4521
21.4372
20.9015
20.5139
20.2357
20.3946
20.6935
20.612
22.4985
20.8652
20.2768
20.6366
22.2282
20.6777
20.2702
20.6833
21.5969
20.6248
20.2572
20.5052
20.516
21.0755
20.4605
23.3099
21.2134
20.2605
20.3869
20.2408
20.2531
20.3118
21.0471
22.9895
20.785
20.7186
20.6312
20.7898
20.7331
20.5993
21.2344
21.0073
20.7482
20.589
20.4199
20.2597
20.2998
20.2554
21.124
20.7135
20.2658
20.5607
20.8685
20.2365
20.3164
21.0543
22.0938
20.2628
20.3675
20.4442
20.3581
20.272
20.2707
21.0594
20.9613
20.2692
20.2068
20.2178
68.6203
50.8494
49.6313
49.0311
47.9075
47.1378
49.1295
46.4204
46.553
49.8942
47.1876
47.033
47.3751
48.5713
47.1643
46.1189
47.8562
46.743
47.4101
46.2837
46.6117
46.8299
46.1268
48.2749
47.8255
47.1717
47.897
47.3225
47.4272
49.3364
46.429
45.5024
45.3887
46.192
46.2737
46.2413
46.6288
46.4681
46.1682
45.6772
48.0166
45.6779
45.3524
45.8499
46.6582
46.3685
46.4319
47.206
46.274
46.5029
45.6164
48.5467
45.31
45.4988
45.6892
46.8682
45.598
45.5755
56.2876
45.3522
45.5198
46.2009
47.2698
46.2824
46.0307
46.6122
46.8966
45.7597
45.9398
46.4671
46.6873
46.0657
47.7034
46.1518
45.9398
47.7795
49.0089
45.7896
45.6429
47.6301
46.623
46.2198
46.3836
47.0999
46.7678
45.7755
47.0202
45.855
45.3874
45.6654
45.8532
45.7341
46.2556
47.3567
45.4434
45.3088
47.0064
46.3197
45.9242
46.1564
118.5806
88.7278
91.463
85.0373
84.9124
85.5713
84.9908
83.556
90.3171
85.105
83.8996
82.0029
87.5285
84.3186
84.5734
83.9985
90.5754
82.4751
87.6647
85.0907
86.0764
83.219
83.9099
82.0326
84.7082
84.4035
82.9684
88.8087
85.2775
82.3325
82.2824
94.5372
82.1118
82.6973
83.089
84.0614
83.9002
84.8873
83.8473
85.1967
84.7997
83.2188
82.6023
90.3169
82.7518
91.9665
83.2336
83.5537
83.7098
84.0693
84.0248
83.4336
82.5466
84.0547
82.0911
85.4921
83.8981
85.3084
82.892
90.0683
82.6082
84.2003
82.4753
83.9308
84.5521
83.6666
83.5412
84.7652
84.2489
84.1413
84.6651
83.3292
93.2439
84.6418
87.5957
86.9011
87.0893
83.9983
84.6457
83.9776
84.9305
84.1607
82.7633
83.4822
83.3659
87.5431
82.5617
85.3401
83.879
83.9426
83.5047
87.0063
82.9699
84.7289
83.9045
84.8273
86.2005
86.328
81.9296
88.2477
183.8712
137.1164
133.1986
134.291
130.4235
125.8231
127.3861
124.6489
123.0227
124.9536
125.9025
125.7633
122.3786
122.1909
126.1314
125.7385
132.2745
121.7982
124.178
125.0893
136.2506
121.3994
121.7737
124.8239
123.6652
121.7384
123.5352
126.0739
123.5983
124.1749
123.2769
123.8385
127.0514
125.4281
122.1101
123.0281
124.8277
124.2764
125.727
123.956
123.2915
125.2145
125.7694
130.6279
120.9219
123.5758
124.5658
125.0272
124.3923
122.7011
124.3658
124.4486
125.9487
123.8114
123.1709
131.9209
125.0765
123.909
123.3032
125.4071
123.838
124.6261
123.2782
123.5007
125.331
125.717
123.0439
123.5707
125.1823
125.0696
131.3849
121.8973
124.4335
124.4079
124.331
123.5628
124.6724
126.1817
125.0988
123.8525
121.5613
124.2738
131.1716
126.5527
123.6969
123.7102
128.9159
127.7813
125.6749
122.7838
124.5395
124.6386
137.9608
123.5449
121.7072
128.7258
125.6754
124.4156
131.3405
121.0849
263.266
187.9119
182.1462
183.1643
178.1334
179.2738
177.3577
178.5483
177.6239
183.0149
181.7998
176.8048
176.7021
177.0412
182.01
178.8518
178.0664
175.5187
187.726
176.8485
174.7283
181.1693
176.4382
177.0708
177.8763
179.2871
178.3076
175.6266
181.7346
183.1495
174.8862
175.2952
194.6871
175.5895
182.1416
179.1548
177.478
174.588
178.6752
175.9715
179.4302
178.2376
186.9212
176.7658
179.633
177.6326
181.4084
178.1936
176.6873
179.6987
177.6569
186.2756
177.0838
181.4316
176.3682
185.6739
175.9546
177.8383
186.7163
180.8668
178.5856
177.2164
177.2381
176.7004
179.7789
180.4787
179.2815
178.631
190.9987
175.5451
182.1232
182.3841
178.5225
180.1021
177.2461
188.8769
177.5994
183.9734
179.4348
182.906
178.3301
178.305
179.2912
181.9906
181.0285
178.6538
180.5883
178.0817
176.7213
178.2256
187.3065
177.0189
180.4904
181.0287
180.7454
185.0702
177.8743
180.7518
181.6559
178.1336
371.8995
267.0024
257.0555
268.3662
251.7637
254.1297
263.6978
253.7577
263.8
258.1727
258.9144
259.9455
252.3301
253.7575
252.7251
263.6518
255.7147
258.1344
249.6084
265.9488
259.6499
254.2122
266.3913
254.8282
250.5139
256.9709
253.1377
253.5503
255.9462
253.2736
251.8812
253.1021
251.8421
254.948
257.5897
251.2949
262.8118
253.2715
258.3125
255.741
259.0718
262.145
256.95
260.4176
253.9641
253.4097
253.5329
254.8742
267.5484
254.8397
256.6232
256.3276
260.1913
256.2566
261.5571
258.9657
253.3122
255.6317
252.1926
252.9384
257.7131
251.266
263.6278
252.2031
256.8396
250.7714
254.0556
255.3392
252.1957
254.2723
267.1568
252.2585
251.4548
255.1314
268.5775
252.9951
253.7761
270.3482
254.1887
254.1013
252.864
252.2516
254.8024
258.8612
259.0122
256.4303
268.6843
254.6445
255.8223
254.1044
252.966
256.323
260.235
254.8995
254.6261
253.8011
258.7728
254.0584
252.5557
262.9727
480.7657
367.0456
385.1383
350.1868
358.8459
347.5844
348.7211
352.8737
348.1416
353.3665
356.4423
344.8222
342.4526
354.7272
351.7153
355.2172
354.4945
347.1941
345.7008
352.9787
351.2716
344.0473
346.3709
348.8831
347.5037
344.0491
365.0699
348.9643
355.137
344.4632
346.878
349.3143
346.8742
352.5653
349.3309
342.762
346.8566
349.543
349.9643
348.3386
348.2352
348.9283
345.0526
345.9409
345.9913
353.6741
347.762
353.7336
345.2762
346.1686
359.9212
344.1988
343.5999
347.4948
348.1128
352.6159
364.1287
395.8132
403.7398
402.0837
403.7822
398.6117
402.437
396.4304
402.3037
397.3174
392.5731
397.0201
410.5243
394.4223
413.782
400.4026
399.6592
403.101
397.5875
404.1575
397.5203
397.727
398.7507
401.1157
397.5218
396.8606
405.0064
398.371
395.5071
400.7953
397.5494
398.313
402.8514
405.0348
408.5929
407.0235
416.9648
396.7168
396.9416
398.1577
402.3591
401.7421
398.6769
397.8215
631.0727
440.0241
425.3132
411.928
406.0899
404.4191
407.8765
402.5142
425.91
405.489
408.809
407.4524
403.5116
403.1859
412.0291
406.2915
405.687
405.5146
410.8641
405.2052
402.0313
399.9535
408.3617
403.624
407.9468
405.9313
411.4354
406.9351
402.9283
403.5185
404.648
411.4783
411.3889
413.9146
403.0855
413.4941
405.1367
414.1507
411.3033
407.35
410.415
406.9844
402.5298
405.4645
416.5192
406.3472
401.8497
407.0173
414.7863
401.4118
423.2027
408.201
409.9958
404.8981
413.2746
406.9622
419.6729
411.0879
409.3243
401.2856
403.869
403.8721
406.4336
404.1243
404.9201
401.957
419.4243
404.6697
406.6944
405.4047
409.3305
401.4169
406.4236
408.2799
401.8221
409.1034
408.6872
409.9797
415.8598
403.8072
403.321
405.3669
403.1062
412.4116
411.7836
424.2872
408.5065
402.9871
403.1654
406.2517
406.6781
405.0036
407.0585
403.1529
412.7634
400.8536
403.8716
417.6848
402.8484
403.1378
743.7349
552.6544
521.7959
513.8627
511.4619
507.6386
505.6806
518.0465
513.8969
513.0868
510.0542
506.2943
518.2616
514.0147
505.8025
504.661
505.2251
509.5675
511.6004
503.2124
509.4901
516.8799
500.4662
504.012
503.8054
511.676
510.5483
502.2645
508.576
517.199
514.691
512.2782
518.4519
516.2558
504.5458
517.0033
499.828
512.1229
503.942
505.7414
511.1515
508.6818
515.9007
503.7719
503.7775
503.2683
504.767
501.6422
527.0415
519.9935
524.3382
525.1463
501.3744
500.5068
513.192
514.2574
501.3159
504.8196
507.2253
522.3697
505.5874
517.1533
511.8127
510.9354
509.9528
507.6769
510.8207
504.987
507.9488
619.7914
516.5762
505.6193
508.0949
510.3608
503.6991
513.0293
512.4606
500.8073
503.9694
521.5928
507.7416
506.7544
497.3358
509.484
505.7225
517.8865
505.5345
505.1525
509.5532
507.1731
511.5143
511.8635
516.6298
501.8328
510.3299
520.8481
514.9421
501.1169
506.0426
505.3745
0.4751
0.0015
0.003
0.0015
0.001
0.0012
0.002
0.0017
0.0012
0.0015
0.001
0.001
0.0015
0.001
0.001
0.0017
0.0007
0.0012
0.001
0.001
0.001
0.0007
0.001
0.0007
0.0017
0.001
0.001
0.001
0.001
0.0007
0.0007
0.001
0.001
0.001
0.001
0.001
0.001
0.0017
0.0012
0.001
0.0012
0.0017
0.0017
0.001
0.001
0.001
0.0007
0.0015
0.0007
0.0007
0.0007
0.0007
0.0007
0.0007
0.0007
0.0007
0.0007
0.001
0.0012
0.0007
0.0007
0.0005
0.0007
0.0005
0.001
0.001
0.0007
0.0022
0.001
0.0007
0.0007
0.0005
0.0007
0.0007
0.0007
0.0007
0.0007
0.0007
0.001
0.0017
0.0005
0.0015
0.0007
0.0012
0.001
0.0007
0.0007
0.0007
0.0012
0.0007
0.0005
0.0007
0.0005
0.0007
0.0007
0.0005
0.0005
0.0007
0.0007
0.0005
0.0007
0.0012
0.0017
0.0007
0.001
0.0005
0.001
0.0007
0.0007
0.0007
0.0012
0.0007
0.0012
0.0012
0.001
0.0007
0.0007
0.0015
0.0007
0.0015
0.001
0.001
0.0007
0.0015
0.0007
0.0007
0.0007
0.001
0.0005
0.0007
0.001
0.0007
0.001
0.0007
0.0007
0.0007
0.001
0.001
0.001
0.0007
0.001
0.0007
0.0007
0.001
0.0007
0.0007
0.0007
0.0007
0.0007
0.0007
0.0007
0.0005
0.0022
0.001
0.001
0.001
0.0007
0.0012
0.001
0.0007
0.0005
0.0007
0.0005
0.001
0.001
0.0007
0.0007
0.0007
0.0005
0.0007
0.0007
0.0005
0.001
0.0005
0.0007
0.0007
0.0015
0.002
0.0015
0.001
0.001
0.0007
0.001
0.001
0.001
0.001
0.0007
0.0007
0.0007
0.0005
0.001
0.0007
0.0012
0.0007
0.001
0.0007
0.0012
0.001
0.0007
0.0007
0.001
0.0012
0.001
0.002
0.0007
0.001
0.0007
0.001
0.0007
0.0012
0.001
0.0012
0.0012
0.001
0.0007
0.0012
0.0015
0.0007
0.0012
0.001
0.001
0.0012
0.001
0.0012
0.0017
0.0015
0.0012
0.001
0.0007
0.0007
0.0007
0.0007
0.001
0.0007
0.001
0.0007
0.0007
0.0012
0.001
0.0012
0.0015
0.0017
0.001
0.0012
0.001
0.001
0.0012
0.0007
0.001
0.0017
0.0012
0.0012
0.0012
0.001
0.0012
0.001
0.0007
0.001
0.002
0.0012
0.0012
0.0012
0.0327
0.0017
0.0012
0.0017
0.001
0.0015
0.0015
0.0012
0.001
0.001
0.0015
0.0012
0.0007
0.0012
0.001
0.0007
0.001
0.001
0.001
0.001
0.001
0.0015
0.001
0.0017
0.001
0.0007
0.001
0.0007
0.0007
0.0007
0.0007
0.0007
0.0015
0.0012
0.0007
0.0012
0.0007
0.001
0.0015
0.0007
0.001
0.0007
0.001
0.0007
0.001
0.0017
0.0012
0.001
0.001
0.001
0.001
0.0017
0.0012
0.001
0.0007
0.0015
0.001
0.0007
0.0007
0.0007
0.0015
0.0007
0.001
0.0007
0.0007
0.0015
0.001
0.001
0.0007
0.001
0.0017
0.0015
0.0012
0.0012
0.001
0.0012
0.0015
0.0015
0.0012
0.0015
0.001
0.0012
0.001
0.0012
0.0012
0.0012
0.001
0.0012
0.001
0.0017
0.0015
0.001
0.0015
0.001
0.001
0.0007
0.001
0.0012
0.001
0.0007
0.0007
0.0007
0.0007
0.001
0.0007
0.001
0.001
0.0007
0.0015
0.001
0.0017
0.0012
0.0012
0.0015
0.001
0.0007
0.0007
0.0007
0.0007
0.0007
0.0007
0.0015
0.0022
0.0012
0.001
0.001
0.0015
0.0012
0.0012
0.001
0.0012
0.001
0.001
0.0007
0.001
0.0017
0.0012
0.0015
0.002
0.0017
0.0025
0.002
0.0017
0.0012
0.0017
0.0015
0.0022
0.002
0.0012
0.0012
0.0022
0.0015
0.0012
0.001
0.001
0.001
0.001
0.001
0.001
0.001
0.001
0.001
0.0007
0.0007
0.0007
0.001
0.001
0.0007
0.0012
0.001
0.0012
0.0012
0.0015
0.0017
0.0015
0.0012
0.0012
0.0012
0.0025
0.0017
0.002
0.0017
0.0012
0.002
0.0017
0.0012
0.0012
0.0012
0.0012
0.0012
0.0017
0.0012
0.0012
0.002
0.001
0.0015
0.0012
0.002
0.0015
0.0017
0.0017
0.0017
0.0012
0.0017
0.0017
0.0012
0.0015
0.0017
0.0017
0.0015
0.0017
0.0015
0.0015
0.0012
0.0017
0.0012
0.001
0.0012
0.001
0.001
0.0012
0.0012
0.001
0.001
0.001
0.0012
0.001
0.0017
0.002
0.0017
0.0015
0.001
0.0012
0.0015
0.002
0.0017
0.0017
0.001
0.002
0.0012
0.0012
0.0158
0.0015
0.0015
0.0017
0.0012
0.0015
0.0012
0.0012
0.0012
0.0017
0.0017
0.0035
0.0012
0.001
0.002
0.0015
0.002
0.0015
0.0015
0.002
0.0012
0.0017
0.0012
0.0017
0.0015
0.0012
0.0017
0.0015
0.0012
0.002
0.0017
0.0015
0.0051
0.0012
0.0015
0.0017
0.0012
0.0017
0.0015
0.0015
0.0017
0.0017
0.0012
0.0017
0.0017
0.0017
0.0015
0.0015
0.0015
0.0012
0.0012
0.0012
0.0012
0.0012
0.001
0.0012
0.001
0.0012
0.0012
0.001
0.0017
0.002
0.0012
0.001
0.0015
0.001
0.0015
0.0012
0.0012
0.0015
0.0012
0.001
0.0012
0.0012
0.0012
0.0012
0.0015
0.0017
0.0015
0.0017
0.0015
0.0017
0.0015
0.002
0.0012
0.0015
0.002
0.0017
0.0012
0.001
0.0022
0.0022
0.0012
0.0012
0.001
0.0017
0.0012
0.0022
0.002
0.0022
0.0017
0.0012
0.0012
0.002
0.0012
0.0015
0.0015
0.0012
0.0012
0.0012
0.001
0.0012
0.001
0.0012
0.0012
0.0012
0.0012
0.0012
0.0012
0.001
0.0012
0.0012
0.0017
0.0012
0.0025
0.0015
0.0015
0.0012
0.0012
0.001
0.001
0.001
0.001
0.0012
0.0012
0.0012
0.001
0.002
0.0015
0.0012
0.002
0.0012
0.001
0.0012
0.0028
0.0012
0.0012
0.0017
0.0015
0.0012
0.0012
0.0012
0.001
0.0012
0.0012
0.001
0.001
0.001
0.0012
0.0012
0.0012
0.0012
0.0012
0.0012
0.001
0.0012
0.002
0.0012
0.0022
0.0015
0.0015
0.0012
0.0012
0.0022
0.0015
0.0012
0.0012
0.0012
0.0012
0.0015
0.0017
0.0015
0.0012
0.0012
0.0012
0.0025
0.0012
0.0012
0.001
0.0012
0.0012
0.0012
0.001
0.0012
0.001
0.001
0.0012
0.002
0.0015
0.0012
0.0015
0.0025
0.0017
0.0017
0.0015
0.0015
0.0015
0.0015
0.002
0.0015
0.0022
0.0015
0.002
0.0017
0.0015
0.0017
0.0015
0.0015
0.0015
0.0015
0.0022
0.0017
0.002
0.0017
0.0015
0.0017
0.0015
0.0015
0.0015
0.0015
0.0015
0.0015
0.002
0.0017
0.0022
0.0017
0.0015
0.0015
0.0017
0.0017
0.002
0.002
0.0025
0.0022
0.002
0.0015
0.0015
0.002
0.0025
0.002
0.0022
0.0017
0.0015
0.0015
0.0015
0.0022
0.002
0.0017
0.0017
0.002
0.0017
0.0022
0.0017
0.002
0.002
0.0015
0.0022
0.0017
0.0012
0.0025
0.0017
0.0022
0.0015
0.0015
0.0012
0.0017
0.002
0.0015
0.002
0.0017
0.0017
0.002
0.0017
0.0012
0.0012
0.0012
0.0012
0.0015
0.0017
0.0017
0.002
0.0017
0.0022
0.0017
0.0015
0.0015
0.0015
0.0028
0.002
0.0022
0.002
0.002
0.0017
0.0015
0.0012
0.0012
0.0015
0.002
0.0015
0.0015
0.0015
0.0015
0.0015
0.0015
0.0022
0.002
0.002
0.002
0.0017
0.002
0.0022
0.0017
0.0017
0.0015
0.0015
0.0017
0.0017
0.0017
0.0028
0.002
0.0017
0.0017
0.002
0.0017
0.002
0.002
0.002
0.002
0.0017
0.0022
0.0025
0.0025
0.0017
0.002
0.002
0.0015
0.0017
0.0025
0.0022
0.0015
0.002
0.0017
0.0017
0.0017
0.0025
0.0017
0.0022
0.002
0.0022
0.002
0.0017
0.0022
0.0022
0.0025
0.0022
0.002
0.0022
0.002
0.0017
0.002
0.0017
0.0033
0.0022
0.002
0.0022
0.002
0.002
0.002
0.0017
0.0017
0.002
0.0025
0.002
0.002
0.0028
0.0017
0.0017
0.0015
0.0017
0.0015
0.0015
0.0015
0.0012
0.0017
0.0015
0.0015
0.002
0.0025
0.0017
0.0017
0.0017
0.0017
0.002
0.0028
0.0022
0.0022
0.0017
0.002
0.0017
0.0015
0.0017
0.0022
0.0017
0.0015
0.0017
0.0017
0.002
0.0017
0.0017
0.0015
0.002
0.0025
0.0015
0.0017
0.0015
0.002
0.0015
0.0015
0.0015
0.0012
0.0017
0.0022
0.0015
0.002
0.0015
0.0017
0.0025
0.0025
0.002
0.002
0.0015
0.0022
0.0022
0.002
0.0015
0.0015
0.002
0.002
0.0015
0.0015
0.0015
0.002
0.0017
0.0015
0.0015
0.0015
0.0017
0.002
0.0015
0.0015
0.0015
0.0015
0.0015
0.0022
0.0022
0.002
0.0017
0.0015
0.0015
0.0015
0.0028
0.0022
0.0017
0.002
0.0017
0.0028
0.0022
0.002
0.0015
0.0022
0.0015
0.0015
0.0022
0.0015
0.0015
0.0015
0.0017
0.0022
0.0017
0.002
0.0017
0.0022
0.002
0.0017
0.0015
0.0017
0.0017
0.003
0.0025
0.002
0.003
0.0025
0.003
0.0025
0.0017
0.0025
0.0015
0.0033
0.0022
0.0017
0.0015
0.0015
0.0015
0.0015
0.0028
0.0022
0.002
0.002
0.0022
0.002
0.002
0.0022
0.0025
0.002
0.0022
0.0017
0.0017
0.0017
0.0017
0.003
0.0017
0.002
0.0017
0.002
0.002
0.0017
0.0017
0.0028
0.0025
0.002
0.0017
0.0017
0.0017
0.0028
0.0017
0.0017
0.0017
0.0022
0.0017
0.0015
0.0015
0.0017
0.0015
0.0017
0.0015
0.0017
0.0017
0.0017
0.0017
0.0022
0.002
0.0028
0.0017
0.0022
0.0017
0.0017
0.0015
0.0017
0.0017
0.0017
0.0017
0.0017
0.0017
0.0017
0.0025
0.0015
0.0017
0.0017
0.0017
0.0017
0.0017
0.0017
0.0017
0.0015
0.0028
0.0017
0.0015
0.0017
0.0028
0.002
0.002
0.0017
0.0017
0.0017
0.0017
0.0017
0.0017
0.0025
0.0017
0.0017
0.002
0.002
0.002
0.0035
0.0022
0.002
0.002
0.002
0.002
0.0017
0.002
0.002
0.0017
0.0017
0.0017
0.0017
0.0022
0.002
0.0017
0.002
0.002
0.002
0.002
0.002
0.0038
0.002
0.002
0.002
0.002
0.002
0.0017
0.002
0.0017
0.002
0.0017
0.0017
0.0017
0.0017
0.0025
0.002
0.0017
0.002
0.002
0.0025
0.002
0.0017
0.002
0.0017
0.0017
0.0022
0.0022
0.002
0.0017
0.002
0.0017
0.003
0.0017
0.0022
0.0017
0.0025
0.0022
0.002
0.0025
0.0022
0.0033
0.0025
0.002
0.0028
0.0028
0.002
0.003
0.0025
0.0025
0.0022
0.0022
0.0022
0.0025
0.002
0.0022
0.0022
0.0025
0.0028
0.0028
0.0022
0.0028
0.0028
0.0025
0.0022
0.0025
0.0025
0.0025
0.0022
0.0025
0.002
0.0017
0.0017
0.0017
0.004
0.0038
0.003
0.0025
0.0028
0.0028
0.003
0.003
0.0028
0.003
0.003
0.0022
0.0025
0.002
0.0028
0.003
0.003
0.0025
0.0025
0.003
0.0025
0.0033
0.003
0.0028
0.003
0.0022
0.002
0.0025
0.0022
0.002
0.003
0.0028
0.0028
0.0033
0.0022
0.0025
0.0025
0.002
0.003
0.0025
0.0028
0.0025
0.0028
0.0022
0.002
0.002
0.0022
0.003
0.002
0.002
0.002
0.002
0.002
0.0028
0.002
0.0025
0.002
0.002
0.0017
0.0022
0.002
0.0028
0.002
0.0025
0.002
0.0028
0.0028
0.0028
0.0025
0.0028
0.0025
0.0022
0.0033
0.0033
0.0028
0.0028
0.003
0.0033
0.003
0.003
0.0033
0.0028
0.0028
0.0033
0.0028
0.0022
0.002
0.0022
0.002
0.0022
0.0025
0.0025
0.0028
0.0028
0.0035
0.003
0.0028
0.0025
0.002
0.0022
0.0038
0.0022
0.0025
0.0028
0.0025
0.0033
0.003
0.0022
0.0022
0.002
0.0028
0.0025
0.0022
0.0025
0.0022
0.003
0.0035
0.0028
0.0022
0.0028
0.0033
0.0022
0.0068
0.003
0.0028
0.0033
0.003
0.0028
0.0025
0.003
0.002
0.0022
0.0033
0.0028
0.0022
0.0033
0.0028
0.003
0.0035
0.0025
0.0033
0.0025
0.0025
0.0033
0.0028
0.0028
0.0028
0.0022
0.0028
0.0028
0.0033
0.0025
0.0022
0.0028
0.0028
0.0025
0.0025
0.0028
0.0025
0.003
0.0028
0.0025
0.003
0.003
0.0025
0.0025
0.0038
0.0028
0.0025
0.003
0.0022
0.0025
0.0033
0.0025
0.003
0.0028
0.0025
0.003
0.0028
0.0028
0.003
0.003
0.0025
0.0025
0.0028
0.0028
0.0035
0.003
0.0025
0.0028
0.0025
0.003
0.0025
0.0022
0.002
0.003
0.0025
0.0025
0.002
0.0022
0.0038
0.003
0.003
0.0028
0.003
0.003
0.003
0.0028
0.0033
0.003
0.0038
0.0033
0.003
0.003
0.003
0.0025
0.0022
0.0025
0.0033
0.004
0.0035
0.0035
0.0035
0.003
0.0033
0.0038
0.0038
0.003
0.0038
0.0035
0.0035
0.0028
0.004
0.0038
0.0035
0.0033
0.0033
0.0035
0.003
0.0028
0.0025
0.0033
0.0038
0.003
0.0028
0.0025
0.0022
0.0033
0.003
0.0028
0.0038
0.003
0.0033
0.003
0.0033
0.0038
0.0033
0.0028
0.0033
0.0033
0.003
0.0033
0.0035
0.003
0.0033
0.0028
0.0025
0.003
0.0025
0.0025
0.0025
0.0025
0.0022
0.0028
0.0022
0.0025
0.003
0.0063
0.0025
0.0022
0.0022
0.0025
0.0028
0.004
0.003
0.003
0.0033
0.0033
0.0035
0.0025
0.0025
0.0025
0.0035
0.0033
0.0028
0.0025
0.0025
0.0025
0.0025
0.003
0.0038
0.0028
0.004
0.0028
0.0025
0.0028
0.0025
0.0033
0.0028
0.0028
0.0035
0.003
0.0025
0.0025
0.0035
0.0025
0.0025
0.0025
0.0028
0.0025
0.0025
0.0025
0.0025
0.0025
0.0025
0.0025
0.003
0.0033
0.0038
0.003
0.0028
0.003
0.0025
0.0028
0.0025
0.0025
0.0025
0.0035
0.003
0.003
0.003
0.0028
0.0028
0.0033
0.0028
0.004
0.0033
0.0038
0.0035
0.0033
0.003
0.003
0.0035
0.0035
0.0033
0.0035
0.0033
0.0038
0.0033
0.0035
0.0033
0.0028
0.003
0.004
0.0033
0.0033
0.0033
0.003
0.0035
0.003
0.0033
0.0033
0.0038
0.0033
0.003
0.0035
0.003
0.0033
0.0035
0.003
0.0035
0.0033
0.003
0.0035
0.0033
0.0033
0.0035
0.0038
0.0033
0.0028
0.003
0.0033
0.0033
0.003
0.0033
0.0035
0.003
0.0033
0.0033
0.0033
0.0053
0.0038
0.0033
0.0038
0.0035
0.0043
0.004
0.004
0.0035
0.0038
0.0035
0.0033
0.0033
0.0038
0.004
0.0038
0.0035
0.0035
0.0035
0.0028
0.0043
0.0038
0.0038
0.0033
0.0033
0.0035
0.0033
0.004
0.0038
0.0028
0.003
0.0033
0.004
0.0033
0.0035
0.0038
0.0028
0.0028
0.004
0.0035
0.0038
0.0038
0.003
0.004
0.0033
0.0035
0.004
0.0038
0.003
0.0038
0.0033
0.0035
0.0038
0.0033
0.0035
0.0173
0.004
0.0043
0.0033
0.003
0.003
0.0033
0.004
0.003
0.0028
0.003
0.0028
0.0028
0.0028
0.0028
0.0038
0.0035
0.0033
0.003
0.003
0.0028
0.0028
0.0035
0.003
0.0038
0.0033
0.0035
0.003
0.0025
0.0028
0.004
0.0038
0.004
0.0033
0.0028
0.0028
0.0028
0.0028
0.0028
0.0028
0.004
0.0028
0.003
0.0148
0.0028
0.0048
0.0038
0.004
0.004
0.0038
0.0038
0.0038
0.0038
0.0038
0.004
0.0038
0.0038
0.0033
0.0033
0.004
0.004
0.0035
0.0038
0.0033
0.003
0.003
0.003
0.003
0.003
0.003
0.003
0.0035
0.003
0.0033
0.0033
0.003
0.0033
0.0043
0.003
0.003
0.004
0.003
0.003
0.0045
0.003
0.0033
0.0033
0.0035
0.0035
0.003
0.0035
0.0043
0.0038
0.004
0.0043
0.0043
0.0038
0.004
0.0048
0.0048
0.004
0.0043
0.0033
0.0035
0.004
0.0043
0.004
0.0038
0.0043
0.0045
0.0038
0.0038
0.0038
0.004
0.0038
0.0035
0.0038
0.0035
0.0038
0.004
0.004
0.0043
0.0045
0.0043
0.0035
0.0035
0.0043
0.004
0.0045
0.0045
0.004
0.0043
0.004
0.0033
0.0038
0.0033
0.0033
0.003
0.0035
0.003
0.003
0.0048
0.004
0.0033
0.0033
0.0048
0.0043
0.004
0.0038
0.0035
0.0038
0.0033
0.0035
0.0033
0.0038
0.0033
0.0033
0.0033
0.0033
0.0033
0.0035
0.0033
0.004
0.0035
0.0033
0.0051
0.0033
0.0035
0.0033
0.0033
0.0033
0.0035
0.0035
0.0033
0.0033
0.0033
0.0043
0.0035
0.0035
0.0035
0.0035
0.0033
0.0051
0.0038
0.0035
0.0033
0.0033
0.0033
0.0033
0.0033
0.0035
0.0033
0.0033
0.0035
0.0033
0.0035
0.0035
0.0033
0.0035
0.0033
0.0035
0.0033
0.0033
0.0043
0.0035
0.0035
0.0033
0.0033
0.0033
0.0035
0.0033
0.0035
0.0033
0.0035
0.0033
0.0035
0.004
0.0033
0.0033
0.0035
0.0033
0.0035
0.0033
0.0038
0.0033
0.0033
0.0033
0.0033
0.0035
0.0035
0.0033
0.0033
0.0033
0.0033
0.0033
0.0035
0.0035
0.0033
0.0043
0.0035
0.0035
0.0035
0.0035
0.0033
0.0033
0.0051
0.0051
0.004
0.0035
0.0048
0.004
0.0035
0.0043
0.0043
0.0038
0.004
0.0038
0.0038
0.0038
0.0035
0.0051
0.0038
0.0035
0.0035
0.0035
0.0033
0.0038
0.0035
0.0051
0.0045
0.0038
0.0051
0.004
0.0045
0.004
0.0033
0.0035
0.004
0.0048
0.0043
0.0043
0.0043
0.0051
0.0043
0.0051
0.004
0.0045
0.0045
0.0043
0.0035
0.0048
0.0038
0.0045
0.004
0.0043
0.0035
0.0035
0.0035
0.0035
0.0038
0.0035
0.0033
0.004
0.004
0.0035
0.0035
0.0035
0.004
0.0035
0.0035
0.0035
0.0033
0.0033
0.0035
0.0038
0.0035
0.0035
0.0035
0.0035
0.0035
0.0035
0.0035
0.0033
0.0066
0.004
0.0035
0.0035
0.0043
0.0035
0.0043
0.0038
0.0035
0.0053
0.0038
0.0045
0.0051
0.0048
0.0043
0.0038
0.0051
0.0051
0.0045
0.0048
0.004
0.0043
0.0061
0.0038
0.0038
0.0038
0.0038
0.0053
0.0043
0.0043
0.0051
0.0038
0.0048
0.004
0.0043
0.004
0.0053
0.0051
0.0045
0.0045
0.0045
0.0045
0.0043
0.004
0.0043
0.004
0.0051
0.0043
0.0035
0.0038
0.0045
0.004
0.004
0.0045
0.0051
0.0045
0.0038
0.0035
0.0035
0.0035
0.0038
0.0038
0.0035
0.0051
0.0043
0.004
0.0051
0.0045
0.0043
0.0051
0.0048
0.0051
0.0038
0.0038
0.0035
0.0035
0.0038
0.0038
0.0043
0.0053
0.004
0.0038
0.0038
0.0035
0.0038
0.0035
0.004
0.0035
0.0038
0.0038
0.0038
0.0035
0.0035
0.0038
0.0051
0.0045
0.004
0.0053
0.0038
0.0038
0.0038
0.0035
0.0038
0.0035
0.004
0.0038
0.0038
0.0035
0.0035
0.0043
0.0038
0.0051
0.0045
0.0038
0.0051
0.0045
0.0038
0.004
0.0043
0.0043
0.0048
0.0043
0.0066
0.0051
0.0053
0.0051
0.004
0.0043
0.0043
0.0043
0.004
0.004
0.004
0.004
0.004
0.0061
0.0053
0.0045
0.0056
0.0051
0.0048
0.0051
0.0051
0.0048
0.0048
0.0048
0.0051
0.0048
0.0053
0.0048
0.0043
0.004
0.0043
0.0043
0.004
0.0056
0.0051
0.0048
0.0051
0.0051
0.0051
0.0051
0.0048
0.0043
0.004
0.0048
0.0043
0.0043
0.004
0.0038
0.004
0.0043
0.004
0.0043
0.0043
0.004
0.0043
0.0056
0.0048
0.0053
0.0051
0.0058
0.0053
0.0045
0.0043
0.0058
0.0051
0.0043
0.0051
0.0043
0.0043
0.0053
0.0053
0.0051
0.0048
0.0053
0.0048
0.0048
0.0043
0.0051
0.0048
0.0056
0.0051
0.0051
0.0045
0.0043
0.0053
0.0051
0.0051
0.0051
0.0048
0.0045
0.0048
0.0053
0.0051
0.0051
0.0051
0.0048
0.0056
0.004
0.0043
0.0053
0.0063
0.0043
0.004
0.0043
0.004
0.0038
0.004
0.0056
0.0045
0.0043
0.004
0.0048
0.004
0.0043
0.004
0.0045
0.0043
0.0043
0.0045
0.0045
0.0043
0.0045
0.0043
0.0043
0.0048
0.0045
0.0043
0.0045
0.0048
0.004
0.0043
0.004
0.004
0.004
0.004
0.0053
0.0056
0.0056
0.0053
0.0051
0.0051
0.0048
0.0043
0.004
0.0074
0.0053
0.0053
0.0051
0.0051
0.0043
0.0051
0.0053
0.0043
0.0043
0.0043
0.0043
0.0043
0.0043
0.0043
0.0043
0.0045
0.004
0.004
0.004
0.0056
0.0053
0.0051
0.0053
0.0051
0.0045
0.0043
0.004
0.0043
0.0043
0.0053
0.0058
0.0051
0.004
0.004
0.0043
0.0051
0.0043
0.0043
0.0043
0.0043
0.004
0.0043
0.0043
0.0043
0.0043
0.004
0.004
0.0058
0.004
0.0043
0.004
0.0043
0.0043
0.0043
0.004
0.0066
0.0045
0.0061
0.0048
0.0043
0.0045
0.0043
0.0051
0.0045
0.0045
0.0045
0.0043
0.0045
0.0043
0.0045
0.0045
0.0043
0.0043
0.0043
0.0043
0.0045
0.0043
0.0045
0.0045
0.0045
0.0045
0.0045
0.0043
0.0045
0.0043
0.0043
0.0045
0.0043
0.0043
0.0043
0.0043
0.0043
0.0056
0.0053
0.0056
0.0045
0.0043
0.0051
0.0051
0.0048
0.0045
0.0043
0.0043
0.0045
0.0051
0.0045
0.0043
0.0045
0.0045
0.0043
0.0045
0.0045
0.0043
0.0043
0.0043
0.0058
0.0043
0.0043
0.0045
0.0045
0.0045
0.0043
0.0043
0.0045
0.0045
0.0045
0.0043
0.0043
0.0043
0.0043
0.0045
0.0045
0.0045
0.0043
0.0043
0.0043
0.0048
0.0045
0.0056
0.0053
0.0056
0.0048
0.0071
0.0043
0.0043
0.0043
0.0043
0.0045
0.0043
0.0043
0.0043
0.0053
0.0045
0.0045
0.0045
0.0063
0.0048
0.0053
0.0051
0.0048
0.0045
0.0048
0.0051
0.0048
0.0045
0.0048
0.0053
0.0058
0.0061
0.0058
0.0048
0.0048
0.0045
0.0045
0.0045
0.0048
0.0048
0.0048
0.0056
0.0045
0.0048
0.0051
0.0051
0.0045
0.0048
0.0045
0.0048
0.0053
0.0048
0.0048
0.0051
0.0048
0.0063
0.0048
0.0045
0.0051
0.0048
0.0045
0.0048
0.0045
0.0048
0.0053
0.0056
0.0056
0.0056
0.0058
0.0056
0.0051
0.0051
0.0048
0.0058
0.0048
0.0061
0.0058
0.0063
0.0056
0.0061
0.0051
0.0056
0.0056
0.0058
0.0053
0.0056
0.0053
0.0056
0.0056
0.0056
0.0053
0.0056
0.0058
0.0056
0.0051
0.0048
0.0051
0.0058
0.0053
0.0051
0.0051
0.0048
0.0048
0.0056
0.0079
0.0056
0.0056
0.0058
0.0048
0.0056
0.0048
0.0061
0.0063
0.0058
0.0051
0.0048
0.0058
0.0058
0.0074
0.0058
0.0053
0.0053
0.0056
0.0053
0.0053
0.0053
0.0053
0.0053
0.0063
0.0063
0.0061
0.0068
0.0066
0.0061
0.0063
0.0061
0.0061
0.0058
0.0061
0.0068
0.0063
0.0061
0.0061
0.0061
0.0074
0.0058
0.0053
0.0061
0.0058
0.0058
0.0061
0.0053
0.0056
0.0056
0.0053
0.0061
0.0053
0.0053
0.0053
0.0053
0.0053
0.0053
0.0053
0.0053
0.0053
0.0071
0.0061
0.0066
0.0053
0.0061
0.0061
0.0061
0.0056
0.0066
0.0066
0.0066
0.0066
0.0063
0.0063
0.0066
0.0061
0.0061
0.0063
0.0061
0.0063
0.0061
0.0058
0.0071
0.0053
0.0053
0.0056
0.0053
0.0053
0.0053
0.0056
0.0051
0.0053
0.0053
0.0053
0.0053
0.0053
0.0053
0.0053
0.0061
0.0068
0.0068
0.0066
0.0061
0.0061
0.0063
0.0063
0.0061
0.0061
0.0063
0.0061
0.0074
0.0068
0.0091
0.0076
0.0058
0.0058
0.0061
0.0056
0.0056
0.0074
0.0058
0.0068
0.0066
0.0063
0.0066
0.0063
0.0063
0.0066
0.0063
0.0063
0.0058
0.0058
0.0056
0.0058
0.0056
0.0066
0.0066
0.0066
0.0071
0.0066
0.0063
0.0061
0.0061
0.0061
0.0058
0.0058
0.0056
0.0056
0.0056
0.0056
0.0056
0.0058
0.0056
0.0056
0.0056
0.0056
0.0056
0.0053
0.0056
0.0056
0.0074
0.0063
0.0058
0.0056
0.0061
0.0056
0.0058
0.0056
0.0056
0.0053
0.0056
0.0053
0.0056
0.0068
0.0063
0.0066
0.0063
0.0066
0.0071
0.0063
0.0063
0.0063
0.0066
0.0066
0.0063
0.0061
0.0056
0.0056
0.0053
0.0056
0.0056
0.0056
0.0053
0.0053
0.0056
0.0053
0.0056
0.0056
0.0063
0.0068
0.0058
0.0056
0.0053
0.0058
0.0056
0.0053
0.0053
0.0056
0.0056
0.0053
0.0056
0.0056
0.0071
0.0091
0.0071
0.0068
0.0066
0.0058
0.0058
0.0058
0.0056
0.0056
0.0056
0.0056
0.0056
0.0068
0.0061
0.0056
0.0058
0.0056
0.0056
0.0056
0.0053
0.0056
0.0058
0.0056
0.0058
0.0056
0.0058
0.0058
0.0058
0.0056
0.0056
0.0058
0.0056
0.0056
0.0058
0.0058
0.0056
0.0056
0.0056
0.0056
0.0068
0.0063
0.0061
0.0074
0.0066
0.0071
0.0066
0.0068
0.0066
0.0074
0.0061
0.0058
0.0058
0.0058
0.0056
0.0056
0.0058
0.0071
0.0058
0.0056
0.0058
0.0056
0.0056
0.0058
0.0056
0.0056
0.0058
0.0056
0.0056
0.0056
0.0058
0.0056
0.0056
0.0056
0.0058
0.0058
0.0058
0.0053
0.0058
0.0058
0.0058
0.0058
0.0056
0.0056
0.0058
0.0058
0.0056
0.0061
0.0066
0.0058
0.0079
0.0068
0.0074
0.0061
0.0058
0.0056
0.0058
0.0058
0.0056
0.0068
0.0063
0.0084
0.0071
0.0068
0.0066
0.0066
0.0063
0.0066
0.0066
0.0066
0.0066
0.0066
0.0066
0.0084
0.0066
0.0066
0.0071
0.0076
0.0074
0.0068
0.0066
0.0063
0.0066
0.0063
0.0066
0.0063
0.0066
0.0074
0.0079
0.0066
0.0066
0.0063
0.0066
0.0066
0.0063
0.0066
0.0063
0.0066
0.0066
0.0068
0.0066
0.0066
0.0063
0.0066
0.0066
0.0063
0.0063
0.0063
0.0066
0.0066
0.0071
0.0066
0.0063
0.0061
0.0063
0.0066
0.0063
0.0066
0.0063
0.0066
0.0063
0.0063
0.0063
0.0063
0.0094
0.0079
0.0074
0.0066
0.0066
0.0063
0.0063
0.0063
0.0066
0.0071
0.0071
0.0068
0.0063
0.0066
0.0066
0.0079
0.0066
0.0066
0.0076
0.0063
0.0063
0.0063
0.0063
0.0063
0.0066
0.0071
0.0063
0.0063
0.0066
0.0063
0.0063
0.0063
0.0066
0.0066
0.0063
0.0066
0.0066
0.0099
0.0196
0.0076
0.0071
0.0061
0.0063
0.0066
0.0063
0.0063
0.0066
0.0063
0.0063
0.0063
0.0063
0.0063
0.0066
0.0063
0.0063
0.0063
0.0066
0.0063
0.0063
0.0063
0.0063
0.0063
0.0063
0.0061
0.0066
0.0063
0.0063
0.0063
0.0063
0.0063
0.0063
0.0061
0.0063
0.0066
0.0063
0.0063
0.0063
0.0066
0.0071
0.0081
0.0063
0.0063
0.0063
0.0076
0.0066
0.0063
0.0063
0.0063
0.0063
0.0063
0.0063
0.0063
0.0063
0.0061
0.0063
0.0076
0.0076
0.0068
0.0066
0.0063
0.0066
0.0063
0.0063
0.0066
0.0063
0.0063
0.0063
0.0063
0.0066
0.0068
0.0066
0.0063
0.0061
0.0063
0.0076
0.0063
0.0066
0.0063
0.0066
0.0066
0.0063
0.0074
0.0074
0.0074
0.0104
0.0076
0.0076
0.0071
0.0071
0.0081
0.0079
0.0084
0.0071
0.0066
0.0066
0.0061
0.0063
0.0102
0.0076
0.0091
0.0086
0.0084
0.0091
0.0079
0.0086
0.0089
0.0081
0.0079
0.0084
0.0084
0.0084
0.0079
0.0081
0.0071
0.0068
0.0066
0.0068
0.0068
0.0081
0.0079
0.0079
0.0068
0.0068
0.0071
0.0068
0.0068
0.0066
0.0068
0.0066
0.0071
0.0068
0.0068
0.0066
0.0068
0.0081
0.0084
0.0081
0.0084
0.0084
0.0076
0.0079
0.0076
0.0079
0.0081
0.0079
0.0076
0.0079
0.0091
0.0079
0.0068
0.0068
0.0071
0.0068
0.0068
0.0068
0.0068
0.0068
0.0068
0.0079
0.0068
0.0068
0.0081
0.0079
0.0076
0.0068
0.0068
0.0068
0.0068
0.0068
0.0071
0.0079
0.0086
0.0074
0.0079
0.0079
0.0068
0.0079
0.0076
0.0076
0.0079
0.0076
0.0079
0.0079
0.0068
0.0071
0.0068
0.0068
0.0068
0.0068
0.0068
0.0068
0.0068
0.0079
0.0068
0.0081
0.0068
0.0071
0.0097
0.0076
0.0074
0.0091
0.0076
0.0068
0.0068
0.0074
0.0071
0.0079
0.0071
0.0068
0.0071
0.0074
0.0074
0.0071
0.0071
0.0071
0.0071
0.0071
0.0071
0.0068
0.0068
0.0071
0.0071
0.0071
0.0071
0.0074
0.0074
0.0074
0.0071
0.0068
0.0071
0.0071
0.0071
0.0071
0.0071
0.0074
0.0071
0.0071
0.0071
0.0076
0.0079
0.0086
0.0084
0.0074
0.0068
0.0071
0.0068
0.0068
0.0071
0.0071
0.0071
0.0074
0.0071
0.0071
0.0102
0.0086
0.0081
0.0081
0.0081
0.0084
0.0084
0.0084
0.0081
0.0081
0.0076
0.0086
0.0084
0.0081
0.0081
0.0084
0.0084
0.0076
0.0079
0.0081
0.0084
0.0084
0.0079
0.0076
0.0081
0.0079
0.0079
0.0079
0.0084
0.0079
0.0081
0.0081
0.0079
0.0084
0.0081
0.0081
0.0079
0.0081
0.0081
0.0081
0.0074
0.0071
0.0068
0.0071
0.0122
0.0094
0.0091
0.0091
0.0089
0.0089
0.0091
0.0089
0.0089
0.0089
0.0086
0.0089
0.0089
0.0086
0.0086
0.0091
0.0086
0.0091
0.0086
0.0089
0.0089
0.0086
0.0089
0.0089
0.0089
0.0089
0.0091
0.0097
0.0089
0.0089
0.0089
0.0089
0.0089
0.0086
0.0089
0.0091
0.0086
0.0112
0.0094
0.0086
0.0089
0.0089
0.0086
0.0089
0.0091
0.0086
0.0086
0.0084
0.0089
0.0086
0.0089
0.0091
0.0091
0.0089
0.0089
0.0089
0.0089
0.0089
0.0089
0.0089
0.0089
0.0091
0.0091
0.0089
0.0091
0.0091
0.0091
0.0094
0.0079
0.0091
0.0089
0.0089
0.0089
0.0089
0.0089
0.0094
0.0091
0.0086
0.0089
0.0086
0.0086
0.0089
0.0094
0.0089
0.0089
0.0089
0.0086
0.0086
0.0086
0.0081
0.0094
0.0086
0.0089
0.0091
0.0091
0.0091
0.0091
0.0089
0.0091
0.0089
0.012
0.0094
0.0091
0.0084
0.0089
0.0089
0.0089
0.0086
0.0089
0.0089
0.0089
0.0086
0.0089
0.0091
0.0089
0.0091
0.0091
0.0091
0.0094
0.0086
0.0091
0.0089
0.0091
0.0089
0.0091
0.0089
0.0089
0.0089
0.0079
0.0076
0.0114
0.0091
0.0079
0.0091
0.0089
0.0094
0.0089
0.0086
0.0089
0.0089
0.0086
0.0094
0.0079
0.0079
0.0079
0.0081
0.0089
0.0079
0.0079
0.0081
0.0079
0.0079
0.0079
0.0081
0.0094
0.0081
0.0081
0.0079
0.0081
0.0079
0.0079
0.0079
0.0079
0.0084
0.0084
0.0094
0.0086
0.0084
0.0079
0.0081
0.0079
0.0079
0.0079
0.0086
0.0079
0.0079
0.0076
0.0079
0.0079
0.0079
0.0079
0.0079
0.0081
0.0079
0.0076
0.0079
0.0081
0.0081
0.0079
0.0079
0.0079
0.0081
0.0079
0.0079
0.0079
0.0081
0.0076
0.0079
0.0079
0.0079
0.0127
0.0122
0.0102
0.0091
0.0099
0.0104
0.0102
0.0099
0.0089
0.0089
0.0086
0.0089
0.0089
0.0089
0.0089
0.0089
0.0089
0.0086
0.0089
0.0089
0.0112
0.0086
0.0089
0.0086
0.0102
0.0099
0.0107
0.0102
0.0091
0.0104
0.0107
0.0104
0.0102
0.0099
0.0107
0.0099
0.0104
0.0104
0.0107
0.0104
0.0099
0.0104
0.0102
0.0099
0.0104
0.0107
0.0091
0.0102
0.0102
0.0102
0.0099
0.0099
0.0099
0.0099
0.0091
0.0089
0.0086
0.0104
0.0099
0.0102
0.0102
0.0114
0.0107
0.0102
0.0091
0.0107
0.0102
0.0097
0.0099
0.0099
0.0102
0.0102
0.0099
0.0099
0.0102
0.0099
0.0099
0.0097
0.0099
0.0099
0.0099
0.0104
0.0091
0.0086
0.0086
0.0086
0.0086
0.0089
0.0089
0.0089
0.0089
0.0086
0.0086
0.0086
0.0089
0.0104
0.0086
0.0086
0.0086
0.0089
0.0125
0.0097
0.0091
0.0089
0.0086
0.0089
0.0089
0.0086
0.0091
0.0089
0.0086
0.0086
0.0089
0.0089
0.0089
0.0086
0.0089
0.0089
0.0086
0.0086
0.0086
0.0086
0.0086
0.0097
0.0099
0.0091
0.0089
0.0086
0.0089
0.0086
0.0089
0.0091
0.0089
0.0089
0.0089
0.0086
0.0091
0.0099
0.0097
0.0097
0.0099
0.0102
0.0102
0.0091
0.0089
0.0086
0.0086
0.0086
0.0086
0.0089
0.0089
0.0086
0.0089
0.0089
0.0086
0.0089
0.0089
0.0086
0.0086
0.0091
0.0089
0.0089
0.0089
0.0086
0.0089
0.0086
0.0086
0.0089
0.0089
0.0109
0.0094
0.0089
0.0089
0.0089
0.0086
0.0089
0.0089
0.0089
0.0086
0.0089
0.0089
0.0089
0.0086
0.0086
0.0089
0.0089
0.0089
0.0086
0.0086
0.0089
0.0089
0.0089
0.0086
0.0086
0.0089
0.0089
0.0086
0.0086
0.0089
0.0091
0.0127
0.0102
0.0099
0.0099
0.0097
0.0099
0.0097
0.0094
0.0099
0.0097
0.0097
0.0097
0.0097
0.0097
0.0094
0.0097
0.0097
0.0097
0.0097
0.0097
0.0097
0.0097
0.0097
0.0097
0.0099
0.0097
0.0094
0.0097
0.0097
0.0097
0.0097
0.0097
0.0097
0.0099
0.0099
0.0097
0.0097
0.0099
0.012
0.0122
0.0112
0.0109
0.0112
0.0099
0.0099
0.0097
0.0097
0.0097
0.0094
0.0094
0.0099
0.0099
0.0099
0.0099
0.0094
0.0097
0.0094
0.0094
0.0094
0.0094
0.0094
0.0097
0.0094
0.0094
0.0097
0.0094
0.0094
0.0114
0.012
0.0097
0.0097
0.0094
0.0094
0.0099
0.0097
0.0094
0.0097
0.0097
0.0097
0.0112
0.0112
0.0109
0.0109
0.0097
0.0102
0.0109
0.0097
0.0114
0.0099
0.0117
0.0099
0.0097
0.0099
0.0099
0.0097
0.0097
0.0104
0.0097
0.0097
0.0099
0.014
0.0104
0.0104
0.0112
0.0102
0.0102
0.0099
0.0104
0.0104
0.0099
0.0102
0.0104
0.0099
0.0104
0.0099
0.0104
0.0102
0.0102
0.0102
0.0099
0.0099
0.0102
0.0102
0.012
0.0099
0.0102
0.0102
0.0102
0.0099
0.0102
0.0102
0.0102
0.0102
0.0102
0.0102
0.0104
0.0109
0.0104
0.0102
0.0102
0.0102
0.0104
0.0104
0.0099
0.0102
0.0102
0.0099
0.0099
0.0099
0.0102
0.0102
0.0112
0.0102
0.0099
0.0102
0.0102
0.0102
0.0109
0.0104
0.0099
0.0102
0.0099
0.0099
0.0099
0.0099
0.0097
0.0099
0.0117
0.0117
0.0114
0.0112
0.0114
0.0122
0.012
0.0107
0.012
0.0117
0.0114
0.012
0.0137
0.0112
0.0112
0.0102
0.0102
0.0099
0.0102
0.0099
0.0109
0.0102
0.0102
0.0102
0.0102
0.0107
0.0099
0.0102
0.0102
0.0099
0.0099
0.0099
0.0102
0.0137
0.0107
0.0102
0.0102
0.0112
0.0104
0.0102
0.0099
0.0099
0.0104
0.0099
0.0102
0.0102
0.0102
0.0102
0.0102
0.0102
0.0102
0.0104
0.0102
0.0102
0.0104
0.0102
0.0102
0.0099
0.0102
0.0112
0.0104
0.0107
0.0117
0.012
0.0102
0.012
0.0112
0.0112
0.0114
0.0107
0.013
0.0102
0.0102
0.012
0.0102
0.0099
0.0102
0.0099
0.0109
0.012
0.0117
0.0109
0.0107
0.0109
0.0112
0.012
0.0117
0.012
0.0107
0.0122
0.0102
0.0102
0.0109
0.0107
0.0102
0.0104
0.0102
0.0132
0.0102
0.0104
0.0102
0.0102
0.0102
0.0102
0.0102
0.0099
0.0117
0.0122
0.0112
0.013
0.0125
0.0125
0.0132
0.0125
0.0114
0.0125
0.0127
0.013
0.012
0.0117
0.0122
0.0227
0.0125
0.0122
0.0117
0.0107
0.0125
0.0117
0.0114
0.0117
0.0109
0.014
0.0102
0.0148
0.0112
0.0107
0.0107
0.0109
0.0132
0.0109
0.0109
0.0107
0.0112
0.0107
0.0112
0.0107
0.0104
0.0104
0.0104
0.0104
0.0107
0.0107
0.0104
0.0104
0.0109
0.0107
0.0107
0.0104
0.0107
0.0109
0.0104
0.0104
0.0104
0.0107
0.0107
0.0104
0.0107
0.0104
0.0109
0.0107
0.0104
0.0107
0.0104
0.0107
0.0109
0.0107
0.0104
0.0104
0.0102
0.0104
0.0104
0.0122
0.0114
0.0104
0.0109
0.0109
0.0102
0.0104
0.0107
0.0104
0.0107
0.0109
0.0104
0.0104
0.0104
0.0104
0.0107
0.0104
0.0104
0.0107
0.0107
0.0107
0.0107
0.0104
0.0104
0.0107
0.0104
0.0107
0.0107
0.0104
0.0104
0.0109
0.0104
0.0099
0.0102
0.0102
0.0099
0.0104
0.0102
0.0102
0.0102
0.0102
0.0117
0.0112
0.0109
0.0104
0.0104
0.0104
0.0104
0.0102
0.0102
0.0104
0.0102
0.015
0.0117
0.0109
0.0107
0.0107
0.0109
0.0109
0.0107
0.0107
0.0107
0.0107
0.0127
0.0107
0.0107
0.0109
0.0107
0.0114
0.0109
0.0109
0.0107
0.0109
0.0107
0.0109
0.0107
0.0107
0.0117
0.0112
0.0109
0.0107
0.0107
0.0107
0.0107
0.0107
0.0109
0.0107
0.0107
0.0107
0.0109
0.0109
0.0109
0.0107
0.0109
0.0107
0.0112
0.0109
0.0109
0.0114
0.0107
0.0107
0.0104
0.0104
0.0104
0.0104
0.0104
0.0107
0.0104
0.0107
0.0112
0.0125
0.0122
0.013
0.0125
0.0125
0.0122
0.013
0.0104
0.0104
0.0109
0.0107
0.0107
0.0104
0.0104
0.0107
0.0107
0.0104
0.0104
0.0104
0.0104
0.0104
0.0104
0.0104
0.0109
0.0104
0.0107
0.0107
0.0104
0.0107
0.0104
0.0104
0.0135
0.0107
0.0104
0.0104
0.0104
0.0107
0.0112
0.0122
0.0122
0.0112
0.0107
0.0155
0.0125
0.0125
0.0122
0.012
0.012
0.0127
0.012
0.0117
0.0117
0.0117
0.0117
0.0135
0.0122
0.012
0.012
0.0117
0.0122
0.0117
0.012
0.012
0.0117
0.012
0.0137
0.012
0.0122
0.0117
0.012
0.012
0.012
0.012
0.012
0.0122
0.012
0.0117
0.0117
0.012
0.0117
0.012
0.0117
0.0117
0.0145
0.0122
0.012
0.012
0.0117
0.0117
0.0117
0.0117
0.0125
0.012
0.0117
0.0117
0.012
0.012
0.012
0.012
0.012
0.012
0.0117
0.0168
0.0132
0.0117
0.0117
0.012
0.0117
0.0117
0.012
0.0122
0.0117
0.0173
0.012
0.0117
0.0117
0.012
0.0117
0.0117
0.012
0.012
0.0117
0.0117
0.0127
0.0117
0.012
0.012
0.0117
0.0122
0.012
0.0117
0.0132
0.0117
0.0117
0.013
0.013
0.013
0.0132
0.0132
0.0137
0.0135
0.014
0.0168
0.012
0.0122
0.0117
0.0117
0.0117
0.0114
0.0114
0.0117
0.0117
0.0117
0.0114
0.0117
0.0127
0.012
0.012
0.0125
0.0117
0.0117
0.0117
0.0114
0.0114
0.0114
0.0117
0.0117
0.0117
0.0114
0.0117
0.0114
0.0114
0.0117
0.0122
0.012
0.0117
0.0117
0.0117
0.0117
0.0117
0.0117
0.0117
0.0117
0.0114
0.0117
0.0117
0.0117
0.0117
0.0114
0.0114
0.0117
0.0117
0.0132
0.0114
0.0114
0.0114
0.013
0.0137
0.0135
0.0132
0.015
0.0137
0.0137
0.0135
0.0135
0.013
0.013
0.013
0.013
0.0127
0.0127
0.0132
0.013
0.013
0.013
0.0127
0.013
0.012
0.026
0.0132
0.0137
0.0252
0.0135
0.013
0.014
0.0143
0.012
0.013
0.0127
0.0127
0.012
0.013
0.0122
0.0117
0.0122
0.0117
0.012
0.0132
0.012
0.0117
0.012
0.012
0.0186
0.0137
0.0132
0.0127
0.0166
0.0145
0.0135
0.0163
0.0135
0.0125
0.0125
0.0125
0.016
0.013
0.0125
0.014
0.0125
0.0125
0.0127
0.0127
0.0122
0.0125
0.0125
0.0125
0.0125
0.014
0.0125
0.0125
0.0125
0.0125
0.0127
0.0125
0.013
0.0125
0.0125
0.0125
0.0125
0.0125
0.0127
0.0125
0.0122
0.0125
0.0125
0.0127
0.0125
0.0125
0.0127
0.0125
0.0122
0.0125
0.0122
0.0122
0.0125
0.0137
0.013
0.0122
0.0122
0.0122
0.013
0.0145
0.0132
0.0155
0.0127
0.0127
0.0125
0.0125
0.0127
0.0125
0.0127
0.0122
0.0127
0.0125
0.0125
0.0125
0.0122
0.0122
0.0122
0.0125
0.0122
0.0122
0.0122
0.0127
0.0125
0.0125
0.0125
0.0122
0.0125
0.0125
0.0125
0.0125
0.0125
0.0122
0.0148
0.0125
0.0125
0.0125
0.0125
0.0127
0.0127
0.0125
0.0176
0.0153
0.0137
0.0132
0.013
0.013
0.013
0.0132
0.0132
0.013
0.0132
0.0153
0.013
0.013
0.013
0.0176
0.013
0.013
0.013
0.013
0.0127
0.0127
0.013
0.013
0.013
0.0132
0.0127
0.0132
0.0132
0.0132
0.0127
0.013
0.0135
0.013
0.0127
0.015
0.013
0.013
0.0132
0.013
0.015
0.0132
0.013
0.013
0.0132
0.013
0.013
0.013
0.0132
0.0132
0.013
0.0148
0.0135
0.0137
0.0132
0.0135
0.013
0.0132
0.013
0.0127
0.013
0.013
0.013
0.013
0.013
0.0137
0.013
0.0132
0.0135
0.013
0.013
0.0132
0.013
0.013
0.0135
0.013
0.013
0.013
0.0132
0.0132
0.013
0.0132
0.013
0.013
0.013
0.013
0.0132
0.0127
0.013
0.0127
0.013
0.013
0.013
0.0145
0.013
0.013
0.0137
0.013
0.0135
0.0132
0.0191
0.0143
0.0137
0.0181
0.014
0.0135
0.0135
0.0135
0.0135
0.0135
0.0135
0.0132
0.0137
0.0137
0.0132
0.0135
0.0137
0.0135
0.0137
0.0135
0.0135
0.0137
0.0137
0.0137
0.0135
0.0135
0.0135
0.0135
0.0132
0.0132
0.0132
0.0132
0.0135
0.0135
0.0135
0.0132
0.0137
0.0132
0.0135
0.0135
0.0135
0.0137
0.0135
0.0135
0.0135
0.0132
0.0153
0.0135
0.0132
0.0135
0.0137
0.0132
0.0137
0.0135
0.0132
0.0135
0.0135
0.0137
0.0135
0.0137
0.0135
0.0135
0.0132
0.0143
0.0206
0.0143
0.0143
0.0135
0.0135
0.0132
0.0135
0.0132
0.0137
0.0135
0.0135
0.0145
0.0137
0.0135
0.0132
0.0135
0.0135
0.0135
0.0135
0.0135
0.0132
0.0135
0.0135
0.0135
0.0135
0.0137
0.0135
0.0132
0.0135
0.0135
0.0137
0.0137
0.0135
0.0145
0.0135
0.0135
0.0191
0.0158
0.016
0.0145
0.0143
0.014
0.0155
0.0137
0.014
0.014
0.014
0.0137
0.0137
0.014
0.0137
0.014
0.0137
0.0163
0.014
0.014
0.0143
0.0137
0.0137
0.0137
0.0143
0.0137
0.0137
0.0143
0.0137
0.014
0.014
0.0137
0.0137
0.0137
0.0143
0.014
0.0148
0.0153
0.014
0.014
0.0137
0.0137
0.014
0.0137
0.014
0.014
0.014
0.014
0.016
0.0143
0.0163
0.0155
0.016
0.0166
0.0143
0.014
0.0137
0.0145
0.014
0.0143
0.0137
0.0135
0.0137
0.0137
0.014
0.0137
0.0137
0.014
0.014
0.0137
0.0137
0.014
0.0137
0.014
0.0137
0.0137
0.0143
0.014
0.014
0.014
0.0137
0.0135
0.0137
0.014
0.014
0.014
0.0173
0.0585
0.0166
0.016
0.0153
0.0153
0.0166
0.0148
0.0163
0.0178
0.014
0.0143
0.014
0.0168
0.024
0.0178
0.0355
0.0171
0.0178
0.015
0.0158
0.0173
0.0181
0.0158
0.0173
0.0173
0.0178
0.0168
0.0173
0.0168
0.0158
0.0158
0.0186
0.0173
0.0173
0.0153
0.0171
0.0168
0.0168
0.0171
0.0168
0.0153
0.0189
0.0171
0.0158
0.0181
0.0176
0.0155
0.0155
0.0163
0.0158
0.0148
0.0153
0.0166
0.0166
0.0153
0.0148
0.0148
0.016
0.0166
0.015
0.0158
0.0148
0.0148
0.0145
0.0148
0.0148
0.015
0.015
0.0145
0.015
0.016
0.0163
0.0148
0.0153
0.016
0.0168
0.0163
0.016
0.0163
0.015
0.015
0.0148
0.0148
0.0148
0.0145
0.0148
0.0148
0.0148
0.0145
0.0148
0.0148
0.015
0.0148
0.0148
0.0148
0.0145
0.0148
0.0148
0.0145
0.0148
0.0173
0.0148
0.015
0.0148
0.015
0.0173
0.015
0.0148
0.0148
0.015
0.0158
0.0148
0.015
0.0222
0.0163
0.0163
0.0153
0.015
0.015
0.0219
0.0148
0.015
0.0158
0.0173
0.0176
0.0176
0.0173
0.0158
0.0148
0.015
0.0158
0.0171
0.0178
0.0155
0.0148
0.015
0.015
0.015
0.0153
0.015
0.0158
0.016
0.015
0.0148
0.015
0.0148
0.0178
0.015
0.0148
0.0148
0.0145
0.0148
0.0148
0.0148
0.0148
0.0158
0.015
0.015
0.015
0.015
0.0148
0.0148
0.0148
0.0148
0.015
0.0163
0.0153
0.015
0.0153
0.0158
0.0166
0.0155
0.0173
0.0155
0.0153
0.0153
0.0178
0.015
0.0148
0.0148
0.0155
0.015
0.015
0.015
0.015
0.015
0.0153
0.015
0.0166
0.015
0.015
0.0148
0.0148
0.0153
0.015
0.0148
0.0148
0.0153
0.015
0.0148
0.0148
0.0148
0.0148
0.0153
0.015
0.015
0.0153
0.0148
0.0148
0.0148
0.015
0.0153
0.0148
0.0212
0.0173
0.016
0.016
0.0163
0.0158
0.0155
0.016
0.016
0.0158
0.0158
0.0155
0.0158
0.0158
0.0173
0.0158
0.0158
0.0201
0.0163
0.0158
0.016
0.0155
0.0158
0.0158
0.0158
0.016
0.0155
0.0158
0.0158
0.0158
0.0158
0.0155
0.0158
0.0158
0.0158
0.0158
0.0158
0.0155
0.0155
0.0155
0.0155
0.016
0.0155
0.0166
0.0158
0.0155
0.0155
0.016
0.0155
0.016
0.016
0.0158
0.0155
0.016
0.016
0.0155
0.0158
0.0155
0.0158
0.0158
0.0158
0.0158
0.0158
0.0158
0.0158
0.0158
0.0158
0.016
0.0158
0.016
0.0158
0.0155
0.0158
0.0176
0.0158
0.0158
0.0158
0.0158
0.0158
0.0155
0.0155
0.0158
0.0158
0.0158
0.0158
0.0158
0.0158
0.0155
0.0155
0.0171
0.0158
0.016
0.016
0.0158
0.0158
0.0155
0.0158
0.0158
0.016
0.0158
0.0217
0.0173
0.0173
0.016
0.0158
0.0163
0.0176
0.0163
0.0166
0.0163
0.016
0.0163
0.0166
0.0163
0.0163
0.0163
0.0163
0.016
0.016
0.016
0.016
0.0163
0.016
0.0163
0.0163
0.0158
0.016
0.0158
0.016
0.0158
0.0168
0.0163
0.0163
0.0163
0.016
0.0163
0.016
0.016
0.0163
0.016
0.0163
0.0163
0.0176
0.0166
0.0163
0.016
0.0178
0.0163
0.0178
0.0194
0.0168
0.0171
0.0173
0.016
0.0173
0.0166
0.016
0.0166
0.0166
0.016
0.0163
0.016
0.016
0.016
0.0163
0.016
0.016
0.016
0.0158
0.016
0.016
0.016
0.016
0.0163
0.0163
0.0163
0.0171
0.0171
0.0189
0.0168
0.0183
0.0176
0.0183
0.016
0.0166
0.016
0.016
0.0173
0.0181
0.0171
0.016
0.0168
0.016
0.0166
0.016
0.0158
0.0166
0.0163
0.0163
0.016
0.0222
0.0173
0.0171
0.0171
0.0176
0.0181
0.0181
0.0171
0.0166
0.0168
0.0163
0.0166
0.0173
0.0166
0.0166
0.0166
0.0166
0.0168
0.0163
0.0166
0.0163
0.0166
0.0168
0.0166
0.0166
0.0166
0.0168
0.0166
0.0176
0.0166
0.0166
0.0166
0.0166
0.0166
0.0166
0.0166
0.0166
0.0166
0.0166
0.0166
0.0166
0.0166
0.0163
0.0166
0.0166
0.016
0.0183
0.0178
0.0168
0.0163
0.0166
0.0163
0.0166
0.0171
0.0163
0.0168
0.0168
0.0163
0.0168
0.0163
0.0166
0.0166
0.0166
0.0183
0.0166
0.0171
0.0163
0.0163
0.0168
0.0163
0.0166
0.0166
0.0166
0.0163
0.0168
0.0168
0.0163
0.0163
0.0163
0.0166
0.0163
0.0166
0.0166
0.0163
0.0178
0.0166
0.0166
0.0166
0.0168
0.0166
0.0183
0.0166
0.0168
0.0163
0.0166
0.0166
0.0166
0.0166
0.0163
0.0166
0.024
0.0191
0.0183
0.0183
0.0181
0.0181
0.0178
0.0258
0.0183
0.0183
0.0222
0.0191
0.0186
0.0183
0.0222
0.0183
0.0181
0.0183
0.0183
0.0217
0.0186
0.0273
0.0183
0.0183
0.0183
0.0191
0.0186
0.0183
0.0186
0.0183
0.0186
0.0183
0.0183
0.0181
0.0183
0.0181
0.0183
0.0183
0.0186
0.0191
0.0194
0.0183
0.0186
0.0186
0.0186
0.0183
0.0183
0.0183
0.0189
0.0206
0.0186
0.0275
0.0186
0.0183
0.0186
0.0183
0.0183
0.0186
0.0183
0.0186
0.0186
0.0181
0.0183
0.0204
0.0181
0.0183
0.0194
0.0186
0.0183
0.0181
0.0186
0.0186
0.0183
0.0181
0.0183
0.0181
0.0186
0.0183
0.0183
0.0183
0.0183
0.0183
0.0186
0.0181
0.0181
0.0183
0.0189
0.0183
0.0189
0.0183
0.0186
0.0186
0.0183
0.0183
0.0191
0.0183
0.0186
0.0186
0.0186
0.0183
0.0252
0.0201
0.0181
0.0183
0.0181
0.0178
0.0186
0.0183
0.0189
0.0183
0.0183
0.0183
0.0178
0.0181
0.0181
0.0181
0.0178
0.0181
0.0181
0.0178
0.0178
0.0178
0.0178
0.0181
0.0181
0.0181
0.0186
0.0181
0.0181
0.0178
0.0178
0.0178
0.0178
0.0178
0.0181
0.0183
0.0178
0.0176
0.0178
0.0178
0.0181
0.0181
0.0181
0.0186
0.0181
0.0178
0.0178
0.0178
0.0181
0.0178
0.0178
0.0183
0.0181
0.0178
0.0176
0.0178
0.0176
0.0178
0.0181
0.0181
0.0183
0.0181
0.0178
0.0178
0.0178
0.0204
0.0181
0.0178
0.0178
0.0181
0.0178
0.0194
0.0199
0.0186
0.0181
0.0181
0.0181
0.0189
0.0199
0.0178
0.0178
0.0178
0.0178
0.0178
0.0178
0.0181
0.0181
0.0178
0.0194
0.0181
0.0178
0.0181
0.0181
0.0181
0.0181
0.0178
0.0178
0.0181
0.0178
0.0181
0.0273
0.0196
0.0189
0.0183
0.0183
0.0186
0.0186
0.0186
0.0183
0.0186
0.0201
0.0186
0.0183
0.0183
0.0186
0.0186
0.0191
0.0186
0.0186
0.0183
0.0181
0.0186
0.0189
0.0186
0.0183
0.0212
0.0201
0.0212
0.0183
0.0189
0.0219
0.0219
0.0194
0.0227
0.0252
0.0183
0.0186
0.0186
0.0194
0.0235
0.0217
0.0224
0.0214
0.0186
0.0237
0.0214
0.0237
0.0186
0.0186
0.0189
0.0183
0.0186
0.0186
0.0186
0.0186
0.0183
0.0183
0.0191
0.0189
0.0183
0.0189
0.0191
0.0186
0.0186
0.0183
0.0183
0.0183
0.0183
0.0183
0.0183
0.0183
0.0183
0.0186
0.0186
0.0189
0.0186
0.0183
0.0186
0.0183
0.0186
0.0206
0.0183
0.0186
0.0186
0.0183
0.0186
0.0183
0.0186
0.0191
0.0191
0.0186
0.0191
0.0189
0.0183
0.0183
0.0189
0.0183
0.0183
0.0196
0.0189
0.0265
0.0204
0.0206
0.0191
0.0189
0.0189
0.0189
0.0186
0.0183
0.0186
0.0189
0.0186
0.0186
0.0201
0.0194
0.0186
0.0186
0.0186
0.0186
0.0189
0.0186
0.0189
0.0189
0.0186
0.0189
0.0183
0.0183
0.0189
0.0186
0.0186
0.0186
0.0186
0.0186
0.0186
0.0186
0.0186
0.0183
0.0186
0.0212
0.0186
0.0186
0.0186
0.0186
0.0186
0.0186
0.0186
0.0186
0.0186
0.0186
0.0186
0.0186
0.0186
0.0183
0.0183
0.0181
0.0181
0.0181
0.0181
0.0181
0.0181
0.0181
0.0181
0.0181
0.0181
0.0181
0.0178
0.0183
0.0206
0.0206
0.0181
0.0178
0.0217
0.0214
0.0209
0.0212
0.0255
0.0214
0.0212
0.0217
0.0209
0.0212
0.0212
0.0212
0.0212
0.0206
0.0209
0.0209
0.0212
0.0212
0.0212
0.0209
0.0212
0.0214
0.0209
0.0212
0.0209
0.0183
0.0212
0.0212
0.0206
0.0301
0.0235
0.0229
0.0227
0.0224
0.0224
0.0222
0.0219
0.0222
0.0224
0.0224
0.0224
0.0222
0.0224
0.0224
0.0222
0.0222
0.0224
0.0212
0.0194
0.0219
0.0227
0.0224
0.0219
0.0222
0.0224
0.0224
0.0222
0.0219
0.0224
0.0227
0.0222
0.0224
0.0224
0.0247
0.0224
0.0222
0.0227
0.0222
0.0219
0.0227
0.0222
0.0224
0.0224
0.0224
0.0222
0.0219
0.0222
0.0224
0.0227
0.0222
0.024
0.0224
0.0222
0.0209
0.0194
0.0229
0.0222
0.0222
0.0219
0.0219
0.0219
0.0222
0.0242
0.0222
0.0224
0.0222
0.0222
0.0222
0.0222
0.0219
0.0224
0.0222
0.0222
0.0222
0.0224
0.0194
0.0224
0.0222
0.0224
0.0222
0.0222
0.0222
0.0224
0.0222
0.0227
0.0222
0.0224
0.0222
0.0222
0.0222
0.0194
0.0224
0.0222
0.0222
0.0224
0.0196
0.0191
0.0191
0.0191
0.0309
0.0237
0.0235
0.0229
0.0206
0.0235
0.0229
0.0229
0.0232
0.0229
0.0255
0.0229
0.0229
0.0232
0.0232
0.025
0.0232
0.0235
0.0237
0.0227
0.0232
0.0227
0.0227
0.0232
0.0224
0.0227
0.0229
0.0229
0.0232
0.0232
0.0199
0.0201
0.0199
0.0201
0.0201
0.0232
0.0229
0.0232
0.0232
0.0232
0.0222
0.0237
0.0232
0.0232
0.0229
0.0227
0.0232
0.0232
0.0232
0.0229
0.0232
0.0229
0.0229
0.0229
0.0227
0.0232
0.0229
0.0232
0.0229
0.0227
0.0229
0.0232
0.0227
0.0227
0.0229
0.0229
0.0232
0.0235
0.0227
0.0232
0.0232
0.0229
0.0229
0.0232
0.0232
0.0229
0.0227
0.0229
0.0229
0.0224
0.0237
0.038
0.0217
0.0206
0.0373
0.0232
0.0237
0.0212
0.0217
0.0212
0.0235
0.0227
0.0232
0.0232
0.0229
0.0229
0.0232
0.0229
0.0232
0.0229
0.0334
0.0252
0.0245
0.0245
0.0245
0.0242
0.027
0.025
0.0245
0.0245
0.0247
0.0245
0.0247
0.024
0.0252
0.0224
0.0217
0.0214
0.0217
0.0258
0.0217
0.0214
0.0265
0.0222
0.0219
0.0217
0.0214
0.0252
0.0214
0.0214
0.0217
0.0214
0.0217
0.0217
0.0217
0.0214
0.0214
0.0214
0.0227
0.0214
0.0214
0.0214
0.0214
0.0214
0.0214
0.0214
0.0214
0.0214
0.0217
0.0217
0.0214
0.0217
0.0242
0.0237
0.0237
0.0217
0.0214
0.0217
0.0217
0.0217
0.0219
0.0219
0.025
0.0278
0.0222
0.0219
0.0217
0.0219
0.0217
0.0214
0.0219
0.0217
0.0214
0.0214
0.0217
0.0245
0.0242
0.0242
0.0235
0.025
0.0242
0.0219
0.0217
0.0217
0.0217
0.0214
0.0217
0.0219
0.0217
0.0214
0.0219
0.0219
0.0222
0.0217
0.024
0.0217
0.0214
0.0217
0.0217
0.0219
0.0304
0.0227
0.0217
0.0258
0.0222
0.0217
0.0217
0.0214
0.0212
0.0217
0.0217
0.0214
0.0212
0.0214
0.0247
0.0247
0.0214
0.025
0.0252
0.0214
0.0217
0.0212
0.0214
0.0212
0.0214
0.0214
0.0214
0.0214
0.0212
0.0212
0.0214
0.0212
0.0212
0.0214
0.0212
0.0214
0.0212
0.0212
0.0214
0.0212
0.0214
0.0214
0.0212
0.0212
0.0212
0.0209
0.0212
0.0237
0.024
0.0214
0.0212
0.0212
0.0212
0.0212
0.0214
0.0212
0.0214
0.0212
0.0212
0.0212
0.0214
0.0209
0.0217
0.0214
0.0212
0.0214
0.0217
0.0214
0.0212
0.0214
0.0214
0.0212
0.0209
0.0212
0.0212
0.0212
0.0212
0.0212
0.0212
0.0212
0.0212
0.0212
0.0212
0.0214
0.0212
0.0212
0.0212
0.0214
0.0209
0.0252
0.0217
0.0214
0.0212
0.0212
0.0212
0.0212
0.0214
0.0214
0.0212
0.0214
0.0311
0.0247
0.0242
0.0232
0.0229
0.0227
0.0227
0.0227
0.0227
0.0224
0.0224
0.0227
0.0227
0.0224
0.0227
0.0224
0.0227
0.0227
0.0227
0.0227
0.0227
0.0227
0.0247
0.0229
0.0227
0.0227
0.0224
0.0224
0.0227
0.0227
0.0224
0.0227
0.0227
0.0227
0.0227
0.0229
0.0224
0.0232
0.0224
0.0227
0.0227
0.0227
0.0224
0.0224
0.0224
0.027
0.0232
0.0229
0.0227
0.0229
0.0227
0.0227
0.0227
0.0227
0.0224
0.0224
0.0224
0.0224
0.0224
0.0227
0.0224
0.0227
0.0224
0.0227
0.0227
0.0224
0.0227
0.0227
0.0224
0.0227
0.0227
0.0224
0.0224
0.0227
0.0227
0.0227
0.0224
0.0229
0.0227
0.0227
0.0227
0.0227
0.0224
0.0224
0.0229
0.0224
0.0224
0.0229
0.0229
0.0224
0.0224
0.0227
0.0247
0.0247
0.026
0.0247
0.0255
0.0252
0.0247
0.0227
0.0314
0.024
0.0229
0.0224
0.0222
0.0222
0.0222
0.0222
0.0224
0.0222
0.0222
0.0229
0.0222
0.0222
0.0222
0.0222
0.0222
0.0222
0.0222
0.0222
0.0222
0.0222
0.0222
0.0222
0.0219
0.0222
0.0222
0.0224
0.0222
0.0224
0.0222
0.0219
0.0222
0.0273
0.0255
0.026
0.0258
0.0263
0.0258
0.0227
0.0222
0.0224
0.0224
0.0222
0.0219
0.0227
0.0222
0.0222
0.0219
0.0222
0.0222
0.0219
0.0222
0.0222
0.0224
0.0222
0.0222
0.0222
0.0219
0.0224
0.0222
0.0222
0.0222
0.0224
0.0219
0.0222
0.0219
0.0222
0.0222
0.0224
0.0219
0.0222
0.0219
0.0222
0.0222
0.0222
0.0222
0.0224
0.0222
0.0222
0.0222
0.0224
0.0224
0.0229
0.0263
0.0258
0.0258
0.026
0.0242
0.026
0.0258
0.0324
0.0242
0.0224
0.0222
0.0222
0.0219
0.0222
0.0222
0.0222
0.0393
0.0296
0.0293
0.0273
0.0278
0.0288
0.025
0.0281
0.0309
0.0281
0.025
0.0281
0.0278
0.0283
0.0339
0.0245
0.0242
0.0242
0.0245
0.0245
0.0242
0.0242
0.037
0.0263
0.0263
0.0283
0.0247
0.0242
0.0245
0.025
0.0245
0.0242
0.0245
0.0245
0.0242
0.0245
0.0247
0.0245
0.0245
0.0245
0.0245
0.0245
0.0242
0.0245
0.0242
0.0242
0.0242
0.0247
0.0242
0.0242
0.0245
0.0242
0.0245
0.0242
0.0245
0.0245
0.0245
0.0242
0.0245
0.0242
0.0245
0.0245
0.0245
0.0245
0.0263
0.0281
0.0286
0.025
0.0242
0.0242
0.0242
0.0245
0.0245
0.0242
0.0242
0.0242
0.0242
0.0242
0.0242
0.0242
0.0242
0.0245
0.0245
0.0245
0.0247
0.0245
0.026
0.0245
0.0247
0.0252
0.0281
0.0283
0.0281
0.0275
0.0283
0.0245
0.0245
0.0245
0.0242
0.0247
0.0339
0.026
0.025
0.025
0.0263
0.0252
0.0252
0.025
0.0252
0.0247
0.0247
0.0255
0.025
0.0247
0.025
0.025
0.025
0.025
0.025
0.0247
0.0252
0.0252
0.0252
0.025
0.025
0.025
0.027
0.025
0.025
0.025
0.0252
0.025
0.025
0.025
0.0252
0.025
0.025
0.025
0.025
0.0252
0.0245
0.025
0.0252
0.0252
0.025
0.0255
0.025
0.0258
0.025
0.025
0.0252
0.0252
0.0252
0.0252
0.025
0.0255
0.0247
0.025
0.0252
0.025
0.025
0.0247
0.0247
0.0247
0.0247
0.0247
0.025
0.0247
0.025
0.025
0.025
0.025
0.026
0.025
0.0273
0.0247
0.0247
0.0252
0.025
0.025
0.025
0.0247
0.025
0.0247
0.0281
0.0247
0.026
0.0247
0.0247
0.0247
0.025
0.025
0.0293
0.025
0.025
0.025
0.0255
0.0337
0.0275
0.0286
0.0352
0.027
0.0273
0.0252
0.0247
0.0247
0.0247
0.0247
0.025
0.0247
0.0245
0.0245
0.0247
0.025
0.0263
0.0245
0.0252
0.0245
0.0247
0.0242
0.0247
0.0245
0.0245
0.0247
0.0286
0.0283
0.0265
0.0247
0.0255
0.0245
0.025
0.0247
0.0247
0.0245
0.0247
0.0247
0.0247
0.0247
0.0245
0.0247
0.0247
0.0245
0.025
0.0247
0.0247
0.0245
0.0245
0.027
0.0252
0.025
0.0247
0.0247
0.0247
0.025
0.0268
0.0247
0.0245
0.0247
0.025
0.0252
0.0245
0.025
0.0245
0.0245
0.0258
0.0245
0.0245
0.0245
0.0255
0.0258
0.0247
0.0265
0.0245
0.0245
0.0245
0.0247
0.0247
0.0252
0.025
0.0247
0.0245
0.0252
0.0247
0.0247
0.0247
0.0245
0.0245
0.0247
0.0245
0.0245
0.0247
0.0245
0.0265
0.0247
0.0247
0.026
0.027
0.025
0.0245
0.0242
0.037
0.0301
0.0286
0.0278
0.0281
0.0275
0.0278
0.0278
0.0275
0.0275
0.0278
0.0278
0.0293
0.0278
0.0275
0.0275
0.0281
0.0278
0.0278
0.0278
0.0275
0.0275
0.0275
0.0278
0.0278
0.0278
0.0273
0.0273
0.0273
0.027
0.0273
0.0268
0.027
0.0273
0.0273
0.027
0.0283
0.0293
0.0268
0.0278
0.0301
0.0273
0.0273
0.0293
0.0275
0.0273
0.0275
0.0273
0.027
0.0273
0.0275
0.0291
0.0275
0.0273
0.0275
0.0273
0.0275
0.027
0.0275
0.0281
0.027
0.0273
0.0273
0.0281
0.0273
0.027
0.0275
0.0273
0.027
0.027
0.0273
0.027
0.0275
0.0273
0.0273
0.0273
0.0281
0.0275
0.0268
0.0275
0.027
0.027
0.027
0.0283
0.0286
0.0311
0.0304
0.0298
0.0298
0.0395
0.0309
0.0304
0.0275
0.0273
0.0273
0.027
0.0301
0.0306
0.0278
0.0273
0.0424
0.0301
0.0301
0.0286
0.0265
0.0263
0.0263
0.0263
0.0288
0.0288
0.0311
0.0273
0.0263
0.0263
0.0263
0.0265
0.0265
0.0263
0.0263
0.026
0.0265
0.0265
0.0263
0.0265
0.0263
0.0268
0.0265
0.0263
0.0263
0.0265
0.0263
0.0263
0.0265
0.0263
0.0263
0.0263
0.026
0.0268
0.0283
0.0265
0.0265
0.0263
0.0278
0.0263
0.0263
0.0263
0.026
0.0268
0.0265
0.0265
0.0273
0.0263
0.0265
0.0268
0.0263
0.0263
0.0265
0.0263
0.0265
0.0263
0.027
0.0263
0.0268
0.0263
0.0265
0.0265
0.0265
0.0263
0.0263
0.026
0.0263
0.0263
0.0268
0.0265
0.027
0.0265
0.0265
0.0283
0.0265
0.0265
0.0263
0.0265
0.027
0.0283
0.0268
0.0265
0.0268
0.0265
0.0265
0.0263
0.0263
0.0263
0.0265
0.0265
0.0263
0.0265
0.0265
0.0265
0.0265
0.0263
0.0385
0.0293
0.0286
0.0286
0.0286
0.0281
0.0283
0.0281
0.0281
0.0286
0.0281
0.0283
0.0283
0.0281
0.0281
0.0283
0.0283
0.0281
0.0283
0.0278
0.0281
0.0283
0.0288
0.0283
0.0283
0.0281
0.0281
0.0281
0.0281
0.0286
0.0281
0.0278
0.0286
0.0281
0.0283
0.0296
0.0283
0.0281
0.0281
0.0334
0.0283
0.0283
0.0286
0.0283
0.0281
0.0281
0.0283
0.0283
0.0283
0.0283
0.0281
0.0278
0.0281
0.0281
0.0278
0.0281
0.0283
0.0278
0.0281
0.0278
0.0281
0.0286
0.0283
0.0301
0.0283
0.0283
0.0278
0.0291
0.0283
0.0281
0.0283
0.0281
0.0283
0.0283
0.0278
0.0281
0.0278
0.0281
0.0281
0.0286
0.0283
0.0281
0.0281
0.0281
0.0281
0.0281
0.0281
0.0281
0.0281
0.0281
0.0281
0.0281
0.0278
0.0278
0.0293
0.0278
0.0281
0.0298
0.0283
0.0281
0.0393
0.0301
0.0293
0.0291
0.0286
0.0298
0.0288
0.0288
0.0291
0.0288
0.0288
0.0286
0.0291
0.0291
0.0288
0.0288
0.0288
0.0291
0.0291
0.0286
0.0286
0.0288
0.0286
0.0288
0.0286
0.0286
0.0288
0.0288
0.0286
0.0283
0.0283
0.0286
0.0286
0.0291
0.0286
0.0286
0.0334
0.0291
0.0286
0.0288
0.0286
0.0286
0.0286
0.0286
0.0286
0.0288
0.0283
0.0286
0.0293
0.0283
0.0291
0.0286
0.0283
0.0286
0.0283
0.0288
0.0286
0.0286
0.0286
0.0286
0.0286
0.0286
0.0293
0.0286
0.0286
0.0286
0.0286
0.0288
0.0291
0.0288
0.0286
0.0286
0.0288
0.0286
0.0293
0.0286
0.0286
0.0288
0.0309
0.0288
0.0286
0.0286
0.0288
0.0286
0.0283
0.0288
0.0291
0.0286
0.0288
0.0288
0.0291
0.0288
0.0304
0.0288
0.0283
0.0288
0.0286
0.0286
0.0288
0.0293
0.0403
0.0306
0.0298
0.0286
0.0306
0.0324
0.0306
0.0298
0.0316
0.0309
0.0316
0.0314
0.0321
0.0316
0.0288
0.0316
0.0304
0.037
0.0309
0.0311
0.0281
0.0283
0.0281
0.0278
0.0278
0.0281
0.0281
0.0281
0.0296
0.0288
0.0301
0.0278
0.0278
0.0278
0.0281
0.0286
0.0281
0.0283
0.0281
0.0278
0.0275
0.0286
0.0339
0.0329
0.0301
0.0286
0.0283
0.0281
0.0283
0.0281
0.0281
0.0281
0.0281
0.0281
0.0283
0.0281
0.0281
0.0281
0.0281
0.0283
0.0281
0.0281
0.0424
0.0283
0.0316
0.0309
0.0288
0.0281
0.0281
0.0281
0.0278
0.0286
0.0278
0.0281
0.0281
0.0281
0.0291
0.0281
0.0286
0.0288
0.0281
0.0283
0.0278
0.0281
0.0281
0.0281
0.0283
0.0281
0.0283
0.0281
0.0278
0.0278
0.0278
0.0278
0.0281
0.0281
0.0281
0.0278
0.0278
0.0278
0.0429
0.0306
0.0304
0.0291
0.0293
0.0293
0.0314
0.0291
0.0291
0.0291
0.0291
0.0296
0.0301
0.0296
0.0291
0.0291
0.0339
0.0296
0.0291
0.0293
0.0291
0.0291
0.0291
0.0288
0.0288
0.0283
0.0283
0.0286
0.0283
0.0283
0.0286
0.0281
0.0281
0.0283
0.0286
0.0283
0.0283
0.0283
0.0283
0.0283
0.0283
0.0306
0.0283
0.0281
0.0281
0.0306
0.0298
0.0283
0.0283
0.0283
0.0283
0.0283
0.0283
0.0286
0.0283
0.0286
0.0288
0.0281
0.0283
0.0283
0.0283
0.0281
0.0286
0.0283
0.0283
0.0314
0.0283
0.0283
0.0283
0.0283
0.0283
0.0283
0.0283
0.0283
0.0283
0.0283
0.0281
0.0324
0.0283
0.0283
0.0283
0.0286
0.0283
0.0283
0.0286
0.0296
0.0283
0.0281
0.0281
0.0283
0.0283
0.0293
0.0283
0.0283
0.0286
0.0286
0.0283
0.0298
0.0283
0.0283
0.0447
0.0314
0.0298
0.0296
0.0296
0.0296
0.0296
0.0298
0.0296
0.0293
0.0298
0.0296
0.0298
0.0293
0.0293
0.0298
0.0298
0.0298
0.0293
0.0293
0.0293
0.0291
0.0291
0.0293
0.0293
0.0291
0.0291
0.0293
0.0311
0.0293
0.0293
0.0293
0.0298
0.0298
0.0324
0.0337
0.0332
0.0337
0.0298
0.0347
0.0319
0.0342
0.0337
0.0293
0.0298
0.0339
0.0311
0.0316
0.0316
0.0339
0.0342
0.0454
0.0459
0.0311
0.0324
0.0329
0.0329
0.0309
0.0344
0.0296
0.0334
0.0342
0.0339
0.0327
0.0329
0.0329
0.0334
0.0334
0.0334
0.0314
0.0309
0.0355
0.0337
0.0339
0.0329
0.0344
0.0329
0.0316
0.5188
0.0334
0.036
0.0482
0.0462
0.035
0.036
0.0309
0.0344
0.0301
0.0301
0.0301
0.0319
0.0311
0.0334
0.0337
0.0334
0.0301
0.0301
0.0327
0.0342
0.0332
0.0429
0.0352
0.0324
0.0324
0.0319
0.0319
0.0342
0.0324
0.0319
0.0339
0.0321
0.0347
0.0324
0.0321
0.0321
0.0321
0.0344
0.0321
0.0319
0.0316
0.0319
0.0319
0.0319
0.0321
0.0347
0.0334
0.0352
0.0344
0.0332
0.0367
0.0339
0.0332
0.035
0.0352
0.0352
0.0659
0.0373
0.035
0.0337
0.0327
0.0367
0.0761
0.0365
0.0357
0.035
0.0355
0.0339
0.0342
0.0357
0.0518
0.0388
0.036
0.0398
0.0327
0.037
0.0375
0.0906
0.036
0.0388
0.0321
0.038
0.0378
0.0375
0.0321
0.0319
0.0319
0.0321
0.0319
0.0321
0.0324
0.0321
0.0321
0.0321
0.0321
0.0319
0.0316
0.0321
0.0321
0.0321
0.0319
0.0321
0.0321
0.0321
0.0393
0.0327
0.0337
0.0378
0.0321
0.0324
0.0321
0.0321
0.0321
0.0403
0.0332
0.0332
0.0329
0.0459
0.0324
0.0329
0.0321
0.0441
0.036
0.0337
0.0344
0.0337
0.0334
0.0334
0.0332
0.0332
0.0332
0.0332
0.0332
0.0344
0.0337
0.0332
0.0334
0.0334
0.0332
0.0332
0.0329
0.0332
0.0357
0.0334
0.0332
0.0334
0.0329
0.0329
0.0332
0.0337
0.0334
0.0332
0.0334
0.0332
0.0337
0.0367
0.037
0.0339
0.0337
0.0334
0.0332
0.0332
0.0334
0.036
0.0332
0.0334
0.0332
0.0332
0.0329
0.0332
0.0332
0.0332
0.0332
0.0332
0.0332
0.0329
0.0332
0.0332
0.0337
0.0334
0.0332
0.0334
0.0329
0.0332
0.0337
0.0332
0.0332
0.0332
0.0334
0.0339
0.0332
0.0332
0.0332
0.0332
0.0347
0.0332
0.0334
0.0332
0.0332
0.0329
0.0334
0.0332
0.0334
0.0332
0.0332
0.0332
0.0334
0.0334
0.0332
0.0334
0.0332
0.0334
0.0332
0.0339
0.0332
0.0334
0.0329
0.0334
0.0332
0.0332
0.0332
0.0452
0.0352
0.036
0.0332
0.0324
0.0319
0.0319
0.0347
0.0321
0.0319
0.0324
0.0321
0.0339
0.0319
0.0319
0.0319
0.0319
0.0319
0.0339
0.0319
0.0321
0.0321
0.0337
0.0319
0.0321
0.0319
0.0324
0.0324
0.0324
0.0321
0.0321
0.0319
0.0319
0.0319
0.0321
0.0339
0.0362
0.0327
0.0321
0.0334
0.0321
0.0321
0.0321
0.0324
0.0321
0.0324
0.0334
0.0321
0.0319
0.0321
0.0321
0.0319
0.0321
0.0319
0.0321
0.0321
0.0334
0.0321
0.0324
0.0321
0.0321
0.0321
0.0321
0.0321
0.0319
0.0316
0.0319
0.0319
0.0319
0.0321
0.0321
0.0319
0.0321
0.0337
0.0321
0.0324
0.0321
0.0321
0.0319
0.0321
0.0319
0.0329
0.0324
0.0324
0.0324
0.0321
0.0321
0.0321
0.0321
0.0319
0.0316
0.0321
0.0321
0.0319
0.0321
0.0319
0.0321
0.0319
0.0319
0.0319
0.0475
0.0357
0.0339
0.036
0.0334
0.0329
0.0332
0.0329
0.0329
0.0332
0.0329
0.0334
0.0329
0.0373
0.0334
0.0332
0.0334
0.0332
0.0329
0.0334
0.0329
0.0334
0.0347
0.0332
0.0334
0.0332
0.0329
0.0344
0.0329
0.0332
0.0334
0.0332
0.0334
0.0332
0.0332
0.0329
0.0332
0.0332
0.035
0.0332
0.0334
0.0334
0.0329
0.0332
0.0332
0.0332
0.0332
0.0332
0.0332
0.0332
0.0332
0.0388
0.0332
0.0334
0.0332
0.0334
0.0344
0.0332
0.0332
0.0329
0.0329
0.0344
0.0332
0.0332
0.0334
0.0332
0.0334
0.0332
0.0329
0.0332
0.0332
0.0332
0.0332
0.0332
0.0334
0.0329
0.0329
0.0332
0.0329
0.0332
0.0332
0.0385
0.0344
0.0362
0.0332
0.0375
0.038
0.0334
0.0431
0.0332
0.0334
0.0329
0.0332
0.0332
0.0332
0.0337
0.0332
0.0332
0.0329
0.0339
0.0505
0.037
0.0365
0.0342
0.0344
0.0334
0.0337
0.0332
0.0334
0.0337
0.0383
0.0347
0.0434
0.0375
0.0334
0.0334
0.0334
0.0383
0.0375
0.0339
0.0339
0.0475
0.0337
0.0337
0.0332
0.0339
0.0334
0.0334
0.0337
0.0332
0.0342
0.0339
0.0334
0.0337
0.0342
0.0337
0.0337
0.0337
0.0337
0.0334
0.0398
0.0365
0.0406
0.0344
0.0475
0.0347
0.0342
0.035
0.0334
0.0337
0.0337
0.0337
0.0334
0.0339
0.0339
0.0398
0.0365
0.0375
0.0395
0.0395
0.0342
0.0342
0.0332
0.0352
0.037
0.0385
0.0385
0.0416
0.0373
0.0344
0.0337
0.0352
0.0339
0.0334
0.0342
0.0337
0.0337
0.0337
0.0367
0.0367
0.037
0.0357
0.0339
0.0334
0.0342
0.0337
0.0334
0.0337
0.0337
0.0339
0.0337
0.0408
0.0337
0.0334
0.0342
0.0337
0.0339
0.0337
0.0334
0.0337
0.0526
0.038
0.0373
0.0373
0.0367
0.0367
0.0367
0.0367
0.0373
0.0367
0.0367
0.037
0.0367
0.0365
0.0395
0.0367
0.037
0.0365
0.0367
0.037
0.037
0.0365
0.0362
0.037
0.0378
0.0362
0.0367
0.037
0.0367
0.0431
0.0431
0.0375
0.037
0.037
0.0365
0.037
0.0367
0.0373
0.0365
0.0367
0.0367
0.0365
0.0365
0.0365
0.0365
0.037
0.0467
0.0365
0.0367
0.0367
0.0373
0.037
0.037
0.0373
0.0367
0.0383
0.0365
0.0362
0.0362
0.0367
0.0367
0.0367
0.0367
0.0459
0.037
0.0418
0.0398
0.1116
0.1078
0.1075
0.1078
0.1154
0.1267
0.108
0.1098
0.1302
0.118
0.1096
0.199
0.1172
0.1341
0.1101
0.1274
0.108
0.1067
0.1187
0.12
0.1167
0.1185
0.1244
0.0508
0.0582
0.0444
0.0539
0.0508
0.0526
0.0585
0.0457
0.0454
0.0444
0.061
0.0459
0.0452
0.0441
0.0436
0.0459
0.0434
0.0434
0.0434
0.0429
0.0434
0.0436
0.05
0.0357
0.036
0.0357
0.0357
0.0357
0.036
0.036
0.036
0.0357
0.036
0.0383
0.036
0.0362
0.0362
0.0357
0.036
0.0357
0.0441
0.0357
0.0357
0.0357
0.0357
0.0357
0.0357
0.036
0.0357
0.036
0.0393
0.0426
0.0388
0.0362
0.0357
0.0357
0.036
0.0357
0.036
0.0357
0.0355
0.036
0.0357
0.0357
0.0357
0.0355
0.036
0.0365
0.036
0.0367
0.0357
0.0357
0.0357
0.0362
0.036
0.0375
0.0367
0.0362
0.036
0.0413
0.036
0.0362
0.036
0.0357
0.036
0.0357
0.036
0.0357
0.036
0.036
0.036
0.0357
0.036
0.036
0.0357
0.036
0.036
0.036
0.036
0.036
0.0426
0.0357
0.0357
0.0418
0.0416
0.0418
0.0418
0.036
0.0357
0.0357
0.0528
0.039
0.0378
0.0378
0.037
0.0373
0.0373
0.0431
0.0418
0.0388
0.0362
0.0362
0.0362
0.0362
0.036
0.0398
0.0398
0.0395
0.0362
0.036
0.0365
0.0362
0.0365
0.0365
0.0362
0.0362
0.036
0.0406
0.0398
0.0362
0.036
0.0362
0.036
0.0365
0.0365
0.0362
0.0362
0.0362
0.0365
0.0362
0.0362
0.0362
0.0362
0.0362
0.0362
0.0362
0.0429
0.037
0.0378
0.0362
0.0362
0.036
0.036
0.0362
0.0362
0.0362
0.0362
0.0362
0.0362
0.036
0.0362
0.0362
0.0362
0.0362
0.0362
0.0418
0.0362
0.0362
0.036
0.0362
0.036
0.0365
0.0365
0.0365
0.0362
0.0362
0.0362
0.0362
0.0362
0.0362
0.036
0.0365
0.0362
0.0362
0.0365
0.0362
0.036
0.0367
0.0365
0.0362
0.036
0.036
0.0362
0.0362
0.0365
0.0365
0.0362
0.0362
0.036
0.0375
0.0526
0.0393
0.039
0.038
0.0385
0.0367
0.0367
0.0365
0.0365
0.0367
0.0367
0.0367
0.038
0.0367
0.0367
0.0365
0.0365
0.037
0.0365
0.0367
0.0367
0.0365
0.0365
0.0365
0.0365
0.037
0.0367
0.0365
0.0365
0.0426
0.0378
0.0367
0.0367
0.0367
0.0367
0.0365
0.0367
0.0365
0.0365
0.037
0.0367
0.037
0.0367
0.038
0.0429
0.0416
0.0416
0.0416
0.0418
0.0416
0.0436
0.0418
0.0416
0.0416
0.0416
0.0416
0.0416
0.0421
0.0416
0.0418
0.0418
0.0416
0.0421
0.0416
0.0418
0.0388
0.0421
0.0416
0.059
0.0416
0.0462
0.0452
0.0385
0.0426
0.0406
0.0447
0.0416
0.0418
0.0441
0.0421
0.037
0.0393
0.0426
0.0424
0.0418
0.0418
0.0416
0.0416
0.0418
0.0418
0.0421
0.0416
0.0472
0.0416
0.0418
0.0362
0.0367
0.0401
0.0426
0.0398
0.0605
0.0447
0.0439
0.0436
0.0429
0.0505
0.0431
0.0431
0.0431
0.0436
0.0431
0.0429
0.0431
0.0426
0.0431
0.0431
0.0431
0.0431
0.0429
0.1055
0.0431
0.0439
0.0395
0.0395
0.0431
0.0431
0.0373
0.0434
0.0434
0.0429
0.0431
0.0431
0.0429
0.0375
0.0431
0.0434
0.0431
0.0429
0.0431
0.0431
0.0429
0.0431
0.0429
0.0434
0.0431
0.0434
0.0429
0.0429
0.0431
0.0434
0.0426
0.0431
0.0431
0.0431
0.0526
0.0434
0.0429
0.0431
0.0403
0.0403
0.0434
0.0431
0.0441
0.0439
0.0431
0.0431
0.0375
0.0431
0.0436
0.0431
0.0429
0.0429
0.0431
0.0375
0.0429
0.0431
0.0434
0.0431
0.0434
0.0434
0.0431
0.0431
0.0431
0.0429
0.0431
0.0434
0.0431
0.0431
0.0434
0.0498
0.0439
0.0378
0.0434
0.0472
0.0436
0.0429
0.0429
0.0429
0.0429
0.0431
0.0605
0.0454
0.0441
0.0426
0.0441
0.0426
0.0421
0.0439
0.0431
0.0431
0.0439
0.0444
0.0449
0.0436
0.0424
0.0441
0.0431
0.0431
0.0439
0.0436
0.0436
0.0434
0.0447
0.038
0.0388
0.0388
0.0429
0.0395
0.0705
0.0421
0.0406
0.038
0.0378
0.038
0.038
0.0375
0.0378
0.0378
0.0378
0.038
0.0375
0.0378
0.0378
0.0378
0.0378
0.038
0.0378
0.038
0.038
0.0378
0.038
0.0378
0.0378
0.0378
0.0429
0.0431
0.038
0.0375
0.039
0.0388
0.0536
0.0452
0.0434
0.0383
0.038
0.0383
0.038
0.038
0.0408
0.0378
0.0378
0.038
0.0393
0.0378
0.0378
0.0378
0.0378
0.0378
0.038
0.0378
0.0378
0.038
0.0385
0.0378
0.0378
0.038
0.038
0.0385
0.0418
0.0378
0.0378
0.0475
0.0385
0.038
0.0378
0.0408
0.038
0.038
0.0378
0.038
0.0587
0.049
0.0457
0.0462
0.0505
0.0574
0.0441
0.1254
0.0447
0.0434
0.0472
0.0447
0.0817
0.0464
0.0441
0.0444
0.0441
0.0549
0.0431
0.048
0.0401
0.0388
0.039
0.0388
0.0385
0.0388
0.0388
0.0426
0.0388
0.0393
0.0388
0.0385
0.0388
0.0385
0.0385
0.0388
0.0388
0.0388
0.0426
0.0472
0.0395
0.0385
0.0385
0.0388
0.0388
0.0388
0.0388
0.039
0.0388
0.0388
0.039
0.0385
0.0388
0.0385
0.0388
0.0388
0.0385
0.0388
0.0388
0.0459
0.039
0.039
0.0388
0.0388
0.0385
0.0388
0.0388
0.0385
0.0413
0.0385
0.0385
0.0449
0.0454
0.0454
0.0454
0.0457
0.0454
0.0431
0.0393
0.039
0.0388
0.0393
0.0388
0.0424
0.0393
0.039
0.0388
0.0416
0.0418
0.0418
0.0421
0.0388
0.0385
0.0388
0.0388
0.0413
0.039
0.039
0.0426
0.0444
0.0858
0.0475
0.0449
0.0434
0.0436
0.0426
0.0426
0.0426
0.0424
0.0434
0.0426
0.0426
0.0416
0.0418
0.0416
0.0421
0.0416
0.0429
0.0413
0.0416
0.0436
0.0416
0.0416
0.0421
0.0418
0.0416
0.0421
0.0418
0.0421
0.0418
0.0418
0.0416
0.0418
0.0418
0.0413
0.0418
0.0416
0.0416
0.0413
0.0418
0.0418
0.0482
0.0452
0.0452
0.0505
0.0418
0.0418
0.0426
0.0416
0.0426
0.0418
0.0416
0.0416
0.0418
0.0413
0.0416
0.0416
0.0424
0.0418
0.0416
0.0416
0.0416
0.0416
0.0416
0.0421
0.0418
0.0418
0.0416
0.0418
0.0418
0.0416
0.0416
0.0416
0.0416
0.0418
0.0416
0.0416
0.0416
0.0418
0.0424
0.0421
0.0426
0.0416
0.0421
0.0413
0.0418
0.0413
0.0413
0.0426
0.0421
0.0413
0.0418
0.0418
0.0418
0.0416
0.0416
0.0416
0.0418
0.0439
0.0421
0.0577
0.0441
0.0439
0.0431
0.0413
0.0413
0.0411
0.0413
0.0411
0.0411
0.0436
0.0408
0.0408
0.0411
0.0411
0.0408
0.0411
0.0411
0.0408
0.0408
0.0418
0.0413
0.0408
0.0411
0.0429
0.0408
0.0408
0.0411
0.0411
0.0408
0.0408
0.0408
0.0413
0.0418
0.0411
0.0408
0.0411
0.0413
0.0426
0.0413
0.0408
0.0411
0.0408
0.0411
0.0413
0.0408
0.0408
0.0413
0.0413
0.0411
0.0421
0.0411
0.0434
0.0411
0.0411
0.0413
0.0413
0.0413
0.0436
0.0413
0.0408
0.0429
0.0411
0.0413
0.0411
0.0411
0.0421
0.0411
0.0413
0.0411
0.0408
0.0416
0.0411
0.0413
0.0411
0.0411
0.0411
0.0408
0.0411
0.0408
0.0411
0.0411
0.0408
0.0408
0.0413
0.0411
0.0411
0.0429
0.0413
0.0411
0.0411
0.0413
0.0411
0.0411
0.0418
0.0413
0.0411
0.0416
0.0411
0.0413
0.0613
0.0462
0.0444
0.0426
0.0429
0.0426
0.0426
0.0424
0.0434
0.0426
0.0426
0.0431
0.0426
0.0429
0.0424
0.0441
0.0424
0.0429
0.0429
0.0426
0.0429
0.0429
0.0444
0.0429
0.0426
0.0424
0.0424
0.0426
0.0424
0.0429
0.0431
0.0429
0.0431
0.0429
0.0429
0.0431
0.0472
0.0426
0.0424
0.0434
0.0426
0.0426
0.0429
0.0429
0.0426
0.0429
0.0429
0.0426
0.0429
0.0444
0.0431
0.0431
0.0429
0.0426
0.0429
0.0429
0.0441
0.0434
0.0431
0.0429
0.0429
0.0429
0.0431
0.0426
0.0449
0.0436
0.0426
0.0429
0.0426
0.0431
0.0426
0.0426
0.0426
0.0431
0.0426
0.0429
0.0429
0.0429
0.0426
0.0429
0.0429
0.0426
0.0431
0.0452
0.0429
0.0426
0.0462
0.0429
0.0426
0.0431
0.0429
0.0429
0.0429
0.0426
0.0426
0.0426
0.0429
0.0429
0.0429
0.0429
0.0615
0.047
0.0462
0.0444
0.0462
0.0436
0.0436
0.0431
0.0434
0.0459
0.0431
0.0431
0.0431
0.0431
0.0431
0.0431
0.0452
0.047
0.0467
0.0436
0.0444
0.0434
0.05
0.0452
0.0475
0.0436
0.0434
0.0434
0.0431
0.0431
0.0429
0.0431
0.0444
0.0429
0.0431
0.0434
0.0431
0.0464
0.0513
0.047
0.0495
0.0436
0.0429
0.0434
0.0431
0.0436
0.0434
0.0454
0.0429
0.0431
0.086
0.0441
0.0559
0.0452
0.0472
0.0485
0.0485
0.0482
0.0482
0.0485
0.0735
0.0495
0.049
0.048
0.0482
0.0477
0.0487
0.048
0.0503
0.0441
0.05
0.0475
0.048
0.0436
0.0429
0.0431
0.0431
0.0457
0.0431
0.0431
0.0431
0.0429
0.0431
0.0431
0.0429
0.0475
0.0503
0.0439
0.0457
0.0431
0.0431
0.0431
0.0429
0.0431
0.0429
0.0431
0.0431
0.0429
0.0431
0.0429
0.0654
0.0475
0.0508
0.0454
0.0454
0.0454
0.0452
0.0449
0.0457
0.0454
0.0454
0.0452
0.0452
0.0452
0.0454
0.0452
0.0452
0.0452
0.0452
0.0449
0.0454
0.0452
0.0452
0.0452
0.0454
0.0457
0.0449
0.0452
0.0452
0.0462
0.0454
0.0454
0.0452
0.047
0.0452
0.0452
0.0452
0.0449
0.0449
0.0449
0.0457
0.0452
0.0454
0.0449
0.0454
0.0452
0.0452
0.0452
0.0452
0.0475
0.0452
0.0449
0.0449
0.0454
0.049
0.0498
0.0454
0.0454
0.0454
0.0447
0.0449
0.0452
0.0454
0.0452
0.0454
0.0449
0.0452
0.0449
0.0449
0.0449
0.0452
0.0454
0.0452
0.0454
0.0454
0.0454
0.0452
0.0452
0.0452
0.0495
0.0454
0.0452
0.0459
0.0454
0.0454
0.0452
0.0452
0.0449
0.0452
0.0452
0.0454
0.0454
0.0454
0.0452
0.0454
0.0449
0.0452
0.0467
0.0452
0.0452
0.0623
0.05
0.0467
0.0462
0.0554
0.0513
0.0516
0.0533
0.0457
0.0485
0.0459
0.0454
0.0454
0.0454
0.0452
0.0454
0.0454
0.0452
0.0454
0.0454
0.0462
0.0454
0.0452
0.0449
0.0526
0.0462
0.0454
0.0459
0.0454
0.0454
0.0454
0.0454
0.0454
0.0457
0.0454
0.0454
0.0462
0.0454
0.0462
0.0457
0.0457
0.0457
0.0454
0.0452
0.0452
0.0454
0.0615
0.0454
0.0457
0.0457
0.0454
0.0454
0.0454
0.0452
0.0454
0.0457
0.0452
0.0457
0.0457
0.0462
0.0505
0.0503
0.0516
0.05
0.0513
0.0457
0.0454
0.0454
0.0454
0.0454
0.0454
0.0452
0.0452
0.0487
0.0452
0.0462
0.0454
0.0454
0.0452
0.0454
0.0452
0.0781
0.0457
0.0457
0.0457
0.0457
0.0454
0.0454
0.0459
0.0454
0.0459
0.0457
0.0452
0.0452
0.0449
0.0452
0.0457
0.0457
0.0452
0.0454
0.0641
0.0521
0.0495
0.051
0.0487
0.0482
0.0487
0.0482
0.0572
0.0567
0.0569
0.0567
0.0569
0.059
0.0546
0.0554
0.0495
0.0702
0.0541
0.0546
0.0536
0.0544
0.0493
0.049
0.0505
0.0521
0.0541
0.0559
0.0539
0.0531
0.0531
0.0544
0.0546
0.0493
0.0546
0.0541
0.0556
0.0546
0.0546
0.0551
0.0567
0.0493
0.05
0.0684
0.074
0.0825
0.0518
0.0526
0.0631
0.0526
0.074
0.4269
0.3395
0.0521
0.0595
0.0843
0.0539
0.0597
0.0541
0.0523
0.0485
0.0559
0.0756
0.0554
0.0495
0.0495
0.0531
0.0495
0.049
0.0493
0.0556
0.049
0.0493
0.1246
0.0845
0.0564
0.059
0.0651
0.0682
0.0508
0.0562
0.0559
0.0559
0.0559
0.0544
0.06
0.0608
0.0562
0.0564
0.0562
0.0523
0.0556
0.0493
0.0495
0.049
0.0493
0.0518
0.0493
0.0569
0.0493
0.0697
0.0526
0.0505
0.05
0.049
0.0505
0.0546
0.0628
0.0559
0.059
0.0498
0.0475
0.0477
0.0475
0.0475
0.048
0.0472
0.0536
0.0482
0.0475
0.0475
0.0475
0.0475
0.0475
0.0475
0.0472
0.0475
0.0472
0.0477
0.0485
0.0482
0.0482
0.0482
0.0475
0.0482
0.0475
0.0472
0.0472
0.0472
0.0485
0.0475
0.0482
0.0475
0.048
0.0477
0.0485
0.0475
0.0482
0.0477
0.048
0.0475
0.0475
0.0485
0.0505
0.048
0.0475
0.0477
0.0475
0.0505
0.0485
0.0493
0.0477
0.0475
0.0477
0.0477
0.0475
0.0475
0.0477
0.0482
0.0475
0.0475
0.0475
0.0475
0.0475
0.0475
0.0475
0.0477
0.0475
0.0475
0.0475
0.0475
0.0475
0.0477
0.0485
0.0477
0.0475
0.0475
0.0477
0.0477
0.0477
0.0477
0.0472
0.0477
0.0477
0.0477
0.048
0.0475
0.0475
0.0475
0.0477
0.0677
0.049
0.0485
0.0477
0.0475
0.0477
0.0477
0.048
0.0475
0.048
0.048
0.048
0.0477
0.0477
0.0477
0.0477
0.0477
0.0475
0.0475
0.048
0.0475
0.0487
0.048
0.0475
0.0482
0.0472
0.0475
0.048
0.048
0.0475
0.0477
0.0477
0.0477
0.0475
0.0475
0.0475
0.0475
0.048
0.0475
0.0477
0.0477
0.0477
0.0477
0.0477
0.0477
0.048
0.0477
0.0477
0.0482
0.048
0.0475
0.0477
0.0475
0.0477
0.0477
0.0477
0.0477
0.0477
0.0475
0.0475
0.0475
0.0477
0.048
0.0477
0.0475
0.048
0.0477
0.048
0.0485
0.048
0.0482
0.048
0.0475
0.0477
0.048
0.0475
0.0477
0.0477
0.0477
0.0477
0.0493
0.0475
0.048
0.0477
0.0477
0.0477
0.0477
0.0482
0.0477
0.0477
0.0477
0.0477
0.0559
0.0556
0.048
0.0477
0.0482
0.0485
0.048
0.0472
0.07
0.0536
0.0513
0.0498
0.0498
0.0498
0.0498
0.0495
0.0493
0.0495
0.0493
0.0493
0.0493
0.0493
0.0493
0.0493
0.049
0.0493
0.0493
0.0493
0.0493
0.049
0.0493
0.0495
0.0493
0.0493
0.049
0.049
0.0493
0.0518
0.0493
0.049
0.0493
0.049
0.0493
0.0493
0.0495
0.0493
0.0495
0.0493
0.0495
0.049
0.0498
0.049
0.0493
0.049
0.0493
0.0508
0.0493
0.0493
0.0495
0.0493
0.0495
0.0495
0.0493
0.0526
0.0544
0.0544
0.0539
0.0493
0.0569
0.0533
0.0493
0.05
0.0498
0.0495
0.0495
0.0493
0.0503
0.0495
0.049
0.049
0.0493
0.0495
0.0518
0.0495
0.0493
0.0493
0.0493
0.0493
0.049
0.0493
0.0493
0.049
0.0493
0.0495
0.0493
0.0493
0.0526
0.0669
0.108
0.0904
0.0564
0.05
0.05
0.0493
0.049
0.049
0.0503
0.0495
0.0725
0.0541
0.0539
0.0516
0.0516
0.0513
0.0533
0.0521
0.0523
0.0523
0.0523
0.0521
0.0521
0.0523
0.0523
0.0521
0.0523
0.0521
0.0521
0.0528
0.0521
0.0523
0.0521
0.0521
0.0521
0.0521
0.0521
0.0521
0.0526
0.0523
0.0562
0.0516
0.0518
0.0521
0.0528
0.0549
0.0528
0.0521
0.0521
0.0531
0.0528
0.0521
0.0518
0.0523
0.0528
0.0533
0.0521
0.0518
0.0521
0.0521
0.0521
0.0521
0.0518
0.0541
0.0518
0.0518
0.0521
0.0521
0.0526
0.0521
0.0521
0.0523
0.0521
0.0521
0.0528
0.0523
0.0523
0.0523
0.0526
0.0523
0.0521
0.0526
0.0521
0.0521
0.0521
0.0523
0.0521
0.0523
0.0523
0.0521
0.0531
0.0539
0.0526
0.0521
0.0523
0.0528
0.0523
0.0526
0.0521
0.0518
0.0523
0.0523
0.0521
0.0523
0.0521
0.0523
0.0523
0.0521
0.0521
0.0521
0.0712
0.0551
0.0533
0.0531
0.0528
0.0546
0.0523
0.0533
0.0556
0.0533
0.0526
0.0526
0.0526
0.0526
0.0526
0.0528
0.0526
0.0533
0.0523
0.0526
0.0526
0.0554
0.0531
0.0523
0.0526
0.0523
0.0533
0.0526
0.0526
0.0528
0.0523
0.0523
0.0526
0.0523
0.0531
0.0526
0.0564
0.0526
0.0531
0.0526
0.0526
0.0523
0.0523
0.0526
0.0528
0.0526
0.0528
0.0526
0.0536
0.0528
0.0536
0.0526
0.0544
0.0523
0.0523
0.0526
0.0523
0.0526
0.0526
0.0523
0.0523
0.0523
0.0544
0.0592
0.0615
0.0595
0.0597
0.0602
0.0585
0.0526
0.0523
0.0526
0.0523
0.0526
0.0528
0.0592
0.0533
0.0549
0.0526
0.0526
0.0528
0.0533
0.0528
0.0526
0.0526
0.0733
0.0531
0.0526
0.0528
0.0546
0.0541
0.0541
0.0544
0.06
0.0541
0.0528
0.0546
0.0541
0.0541
0.0556
0.0848
0.0682
0.0549
0.0536
0.0631
0.0605
0.0602
0.0602
0.0602
0.0605
0.0605
0.0574
0.0605
0.0605
0.0605
0.0605
0.0605
0.0608
0.0585
0.0643
0.0605
0.0608
0.0608
0.0605
0.0605
0.0602
0.0608
0.0602
0.0608
0.0605
0.0628
0.0605
0.06
0.0608
0.06
0.0608
0.06
0.0605
0.0602
0.0602
0.0605
0.0602
0.0613
0.0608
0.0605
0.0608
0.0605
0.0605
0.0605
0.0608
0.0572
0.0605
0.0605
0.0602
0.0605
0.0602
0.0636
0.0605
0.0605
0.0608
0.0605
0.0605
0.0608
0.0608
0.0608
0.0608
0.0605
0.061
0.061
0.0605
0.0608
0.0608
0.0608
0.0605
0.06
0.0608
0.06
0.0605
0.0602
0.0605
0.06
0.0531
0.0605
0.0608
0.0562
0.061
0.0605
0.0605
0.0605
0.0605
0.0605
0.0618
0.061
0.0602
0.0605
0.0602
0.0605
0.0605
0.0605
0.0605
0.0845
0.0679
0.0659
0.0625
0.0618
0.0682
0.0618
0.0618
0.062
0.0618
0.0615
0.0618
0.0618
0.062
0.0651
0.062
0.0615
0.0615
0.0531
0.0528
0.0546
0.0531
0.0531
0.0528
0.0533
0.0528
0.0526
0.0541
0.0528
0.0531
0.0533
0.0528
0.0541
0.0618
0.0559
0.0533
0.0528
0.0528
0.0526
0.0549
0.0531
0.0531
0.0528
0.0528
0.0556
0.0526
0.0528
0.0531
0.0528
0.0528
0.0528
0.0536
0.0528
0.0531
0.0528
0.0531
0.0528
0.0531
0.0528
0.0526
0.0531
0.0528
0.0528
0.0528
0.0528
0.0533
0.0528
0.0531
0.0531
0.0562
0.0533
0.0531
0.0536
0.0536
0.0531
0.0528
0.0528
0.0539
0.0528
0.0528
0.0528
0.0528
0.0531
0.0531
0.0528
0.0528
0.0528
0.0531
0.0528
0.0528
0.0528
0.0528
0.0528
0.0531
0.0531
0.0528
0.0528
0.0533
0.0531
0.0528
0.0771
0.0587
0.0559
0.0551
0.0551
0.0556
0.0638
0.0556
0.0554
0.0551
0.0577
0.0579
0.0551
0.0656
0.06
0.0605
0.0597
0.0564
0.0554
0.0551
0.0549
0.0549
0.0546
0.0546
0.0549
0.0546
0.0564
0.0546
0.0546
0.0546
0.0544
0.0544
0.0544
0.0546
0.0546
0.0544
0.0546
0.0546
0.0544
0.0554
0.0613
0.073
0.0646
0.0638
0.0636
0.0636
0.0654
0.0608
0.0615
0.0554
0.0546
0.0636
0.0546
0.0544
0.0546
0.0546
0.0546
0.0544
0.0544
0.0544
0.0546
0.0546
0.0546
0.0544
0.0544
0.0546
0.0546
0.0546
0.0549
0.0549
0.0551
0.0544
0.0582
0.0546
0.0546
0.0585
0.0587
0.0638
0.0577
0.061
0.0636
0.0689
0.0628
0.0618
0.0551
0.0546
0.0551
0.0546
0.0551
0.0544
0.0544
0.0546
0.0544
0.0544
0.0546
0.0544
0.0569
0.0546
0.0544
0.0546
0.0799
0.0648
0.0638
0.0595
0.0595
0.0613
0.0587
0.0587
0.0585
0.0585
0.0613
0.0587
0.0582
0.0587
0.0587
0.06
0.0585
0.062
0.0585
0.0585
0.0585
0.0585
0.0585
0.0585
0.0585
0.0585
0.0605
0.0585
0.0595
0.0587
0.0585
0.0579
0.0577
0.0587
0.0579
0.0579
0.0577
0.0577
0.0579
0.0582
0.0579
0.0597
0.0605
0.0587
0.0579
0.0579
0.0582
0.0592
0.0579
0.0577
0.0577
0.0579
0.0577
0.0585
0.0579
0.0574
0.0582
0.0615
0.0664
0.0602
0.0577
0.0577
0.0579
0.0579
0.0597
0.0592
0.0577
0.0579
0.0579
0.0628
0.0577
0.0577
0.0579
0.0579
0.0661
0.0579
0.0577
0.0582
0.0582
0.0592
0.0582
0.06
0.0579
0.0582
0.0582
0.0582
0.0582
0.0579
0.0582
0.0579
0.0585
0.0582
0.0579
0.0577
0.0577
0.0582
0.0582
0.0585
0.0592
0.0654
1.4641
