0.7333
0.0713
0.0679
0.0635
0.066
0.066
0.0601
0.1134
0.0596
0.0625
0.0674
0.063
0.0591
0.0611
0.0596
0.0611
0.0674
0.0611
0.0586
0.0606
0.0601
0.1989
0.0928
0.063
0.062
0.0645
0.063
0.0625
0.0606
0.063
0.063
0.0596
0.0625
0.0586
0.0684
0.0586
0.0586
0.0586
0.0625
0.0591
0.0591
0.0601
0.0591
0.0997
0.0596
0.063
0.0581
0.0586
0.0625
0.0689
0.0591
0.063
0.0625
0.062
0.0625
0.0591
0.066
0.0606
0.065
0.064
0.0611
0.1036
0.0586
0.062
0.0611
0.0586
0.0581
0.0586
0.0581
0.063
0.0596
0.0645
0.0586
0.0596
0.0591
0.0586
0.0586
0.0596
0.0591
0.0586
0.0581
0.0591
0.0586
0.062
0.0586
0.0591
0.0977
0.0591
0.0586
0.0581
0.0581
0.0586
0.0601
0.1007
0.064
0.064
0.0664
0.0645
0.066
0.0664

0.1251
0.0977
0.0894
0.0899
0.0884
0.0894
0.0924
0.088
0.0899
0.1134
0.0875
0.1016
0.1021
0.0889
0.0987
0.0992
0.109
0.11
0.1021
0.0963
0.0933
0.0904
0.1119
0.0958
0.1012
0.1036
0.0909
0.0889
0.0987
0.0968
0.0997
0.0997
0.0933
0.1124
0.15
0.1021
0.0968
0.0914
0.0889
0.087
0.088
0.0919
0.1701
0.0928
0.0889
0.0889
0.0933
0.0928
0.0992
0.0933
0.0933
0.0914
0.0928
0.0884
0.0875
0.0875
0.0894
0.0884
0.088
0.0904
0.0875
0.0904
0.0924
0.0982
0.1065
0.1026
0.0963
0.0982
0.1012
0.0958
0.0919
0.1461
0.0948
0.0963
0.0909
0.0933
0.0899
0.088
0.0899
0.0914
0.0884
0.0894
0.0875
0.0914
0.0889
0.0924
0.088
0.0875
0.0919
0.0924
0.0914
0.0909
0.0924
0.088
0.0875
0.0875
0.0875
0.0875
0.0899
0.0924

0.1843
0.1368
0.1412
0.1334
0.1339
0.1403
0.1354
0.1412
0.1359
0.1334
0.172
0.1373
0.1378
0.1364
0.1412
0.1574
0.1422
0.1422
0.1456
0.1554
0.1403
0.1364
0.1549
0.1427
0.1329
0.1368
0.1442
0.1398
0.1329
0.217
0.174
0.1496
0.1388
0.132
0.1486
0.153
0.1373
0.1515
0.1466
0.13
0.1535
0.1432
0.1417
0.1388
0.1466
0.1432
0.1412
0.1456
0.1535
0.1471
0.153
0.1364
0.1334
0.1476
0.1461
0.1422
0.1559
0.1657
0.15
0.1691
0.1456
0.1466
0.1432
0.1417
0.1339
0.1403
0.1383
0.1412
0.1618
0.2004
0.2263
0.1593
0.2928
0.1417
0.1505
0.1359
0.1271
0.1525
0.1466
0.1368
0.1373
0.153
0.1442
0.1447
0.2195
0.2004
0.15
0.1285
0.1535
0.1427
0.1452
0.1417
0.1662
0.1637
0.1373
0.1584
0.1608
0.1608
0.1574
0.1554

0.2644
0.1931
0.1921
0.1921
0.195
0.1848
0.173
0.1735
0.1784
0.1887
0.1848
0.2014
0.1945
0.1984
0.2004
0.1892
0.2527
0.2009
0.197
0.195
0.1769
0.1735
0.1755
0.1745
0.1676
0.1887
0.1936
0.2229
0.2107
0.1892
0.1804
0.1779
0.197
0.1808
0.195
0.194
0.195
0.1706
0.196
0.173
0.1936
0.1725
0.197
0.1965
0.1701
0.1975
0.1965
0.194
0.1975
0.2239
0.2635
0.194
0.1828
0.1936
0.1906
0.1911
0.194
0.1862
0.1833
0.1931
0.1945
0.1843
0.1725
0.1823
0.1867
0.1725
0.1818
0.1774
0.1686
0.2053
0.1716
0.173
0.1799
0.1691
0.1882
0.1696
0.1691
0.1789
0.1701
0.1686
0.1989
0.1706
0.172
0.1676
0.1848
0.173
0.1936
0.1774
0.1701
0.2415
0.1896
0.2444
0.1774
0.196
0.1735
0.1945
0.176
0.1833
0.1681
0.1774

0.3158
0.2341
0.2297
0.2209
0.2361
0.217
0.2312
0.216
0.216
0.2473
0.2385
0.2229
0.2464
0.2219
0.2209
0.2151
0.2283
0.2322
0.2214
0.2204
0.218
0.2195
0.2478
0.24
0.2561
0.2292
0.2195
0.2209
0.286
0.2537
0.2405
0.2185
0.3153
0.2732
0.216
0.2297
0.2175
0.2185
0.2156
0.2253
0.218
0.2146
0.2156
0.2219
0.2297
0.262
0.2361
0.2175
0.2327
0.22
0.2302
0.2336
0.2165
0.2517
0.2488
0.2503
0.2542
0.238
0.2244
0.2195
0.2234
0.2229
0.2224
0.2229
0.2268
0.2292
0.2415
0.2424
0.2209
0.2429
0.2454
0.2395
0.2312
0.2341
0.2395
0.2464
0.2713
0.2385
0.2253
0.2517
0.2473
0.2439
0.2429
0.2185
0.22
0.2278
0.2336
0.219
0.2151
0.3026
0.2253
0.2185
0.263
0.2268
0.2224
0.2503
0.2356
0.22
0.2288
0.219

0.3916
0.3192
0.2977
0.2962
0.3036
0.2904
0.2938
0.2894
0.2928
0.3412
0.2972
0.2938
0.2987
0.3065
0.2948
0.3251
0.2952
0.2874
0.306
0.3221
0.2972
0.2928
0.3153
0.3172
0.3246
0.3236
0.416
0.3158
0.2928
0.3363
0.2889
0.2992
0.2923
0.2967
0.2987
0.3363
0.2938
0.2918
0.2879
0.308
0.2879
0.3187
0.3021
0.2948
0.3197
0.3779
0.3197
0.3353
0.3153
0.3065
0.2962
0.2908
0.2899
0.3006
0.2894
0.2904
0.2943
0.3026
0.2869
0.2904
0.3314
0.3001
0.2933
0.2908
0.2869
0.3573
0.3084
0.2938
0.3309
0.2938
0.2904
0.2952
0.2904
0.2874
0.2889
0.2894
0.2908
0.2952
0.2913
0.2928
0.2957
0.2889
0.2908
0.2864
0.3089
0.2904
0.2904
0.2884
0.2869
0.2972
0.2918
0.2884
0.3285
0.2904
0.2913
0.2943
0.2904
0.2904
0.2864
0.3031

0.5025
0.3529
0.3432
0.3593
0.3344
0.3813
0.3642
0.3402
0.3339
0.3549
0.351
0.3383
0.3461
0.3446
0.3412
0.3573
0.3666
0.4096
0.372
0.3608
0.3603
0.3779
0.3505
0.3432
0.3642
0.3466
0.3637
0.3642
0.3368
0.3339
0.3402
0.3368
0.3373
0.3617
0.3632
0.3661
0.3466
0.3446
0.3945
0.3436
0.3353
0.3324
0.3378
0.3392
0.3339
0.3705
0.3319
0.3348
0.3319
0.3275
0.328
0.3334
0.3432
0.3344
0.3314
0.3344
0.3319
0.3309
0.3476
0.3329
0.3285
0.3456
0.3314
0.3309
0.3334
0.3314
0.3285
0.3334
0.3324
0.3285
0.3295
0.4238
0.3612
0.3358
0.5211
0.3353
0.3764
0.3319
0.3852
0.3769
0.3847
0.3788
0.3847
0.4189
0.3417
0.3383
0.3524
0.3309
0.3417
0.3304
0.3319
0.3446
0.3735
0.3363
0.3324
0.3319
0.3319
0.3388
0.3529
0.3397

0.635
0.4458
0.4815
0.4497
0.4385
0.4385
0.4356
0.4038
0.4126
0.4346
0.4365
0.438
0.4072
0.415
0.4008
0.4013
0.4038
0.4952
0.4976
0.4052
0.4644
0.4048
0.4517
0.4972
0.4277
0.46
0.4835
0.4556
0.415
0.4737
0.4258
0.4556
0.436
0.4077
0.4004
0.3964
0.4038
0.505
0.4453
0.5128
0.4732
0.4434
0.4556
0.4659
0.6296
0.4028
0.4082
0.4131
0.4585
0.4199
0.4458
0.4854
0.3994
0.44
0.46
0.4752
0.4253
0.4238
0.4263
0.4419
0.439
0.3979
0.4013
0.3979
0.4747
0.4351
0.4224
0.4566
0.3999
0.414
0.4023
0.4233
0.4131
0.4551
0.437
0.3925
0.3955
0.482
0.4312
0.396
0.395
0.4292
0.4473
0.4043
0.3955
0.4072
0.3984
0.4096
0.4038
0.394
0.396
0.5578
0.5548
0.3984
0.3984
0.4468
0.392
0.392
0.395
0.3925

0.7049
0.5284
0.5143
0.5001
0.4942
0.4957
0.4957
0.504
0.4918
0.5172
0.5123
0.569
0.502
0.5074
0.5025
0.5016
0.503
0.4942
0.4874
0.5348
0.5426
0.4937
0.5563
0.4957
0.6399
0.5534
0.5705
0.5299
0.5636
0.4903
0.569
0.5304
0.5309
0.5187
0.856
0.7538
0.5617
0.5553
0.569
0.549
0.5646
0.5627
0.4976
0.571
0.5632
1.008
0.5612
0.5524
0.6164
0.526
0.5157
0.5612
0.5993
0.5925
0.5695
0.5847
0.5299
0.5416
0.5856
0.5759
0.5426
0.546
0.5392
0.5309
0.4874
0.5656
0.5632
0.5206
0.5617
0.6228
0.5045
0.5206
0.5275
0.4952
0.5255
0.527
0.5255
0.5299
0.5284
0.502
0.5328
0.5465
0.526
0.6678
0.5192
0.6575
0.5328
0.5123
0.4967
0.4913
0.5236
0.5651
0.4888
0.528
0.5055
0.5265
0.505
0.5436
0.5729
0.5108

0.8951
0.6238
0.6204
0.5856
0.57
0.5671
0.5651
0.5793
0.5724
0.5651
0.5636
0.5627
0.5636
0.5666
0.5764
0.572
0.5739
0.5641
0.5744
0.5646
0.5754
0.5729
0.591
0.568
0.5636
0.5622
0.571
0.5817
0.7074
0.5666
0.5803
0.6072
0.57
0.5793
0.6428
0.5695
0.5651
0.5749
0.5744
0.5646
0.5651
0.5778
0.7289
0.5661
0.5676
0.6169
0.5793
0.5925
0.5905
0.5773
0.6057
0.5671
0.6243
0.6404
0.5744
0.8154
0.5661
0.6057
0.5715
0.569
0.5739
0.5744
0.5651
0.5646
0.5685
0.5685
0.5627
0.5656
0.5636
0.5685
0.5715
0.5568
0.5558
0.5558
0.6384
0.7132
0.5666
0.5852
0.5578
0.5573
0.5715
0.5573
0.5568
0.5563
0.5724
0.5583
0.5563
0.5573
0.5553
0.571
0.5656
0.5558
0.5764
0.5583
0.5588
0.5636
0.5592
0.5602
0.568
0.5636

1.5429
0.7973
0.6952
0.6658
0.66
0.678
0.6609
0.722
0.7548
0.812
0.9
0.9777
0.678
0.7949
0.7118
0.6854
0.7553
0.7328
0.7382
0.703
0.7289
0.7074
0.7093
0.6776
0.7245
0.7054
0.8457
0.9816
0.6565
0.6536
0.6516
0.6707
0.8516
0.6624
0.66
0.6468
0.6428
0.6956
0.8932
0.9225
0.7548
0.7176
0.7401
0.6448
0.6815
0.7054
0.6971
0.6732
0.7279
0.724
0.722
0.6458
0.6507
0.7069
0.7372
0.7142
0.7147
0.6497
0.6502
0.6468
0.6482
0.6502
0.6458
0.6438
0.6722
0.6443
0.6443
0.6468
0.6463
0.6433
0.6487
0.6487
0.6438
0.7763
0.7729
0.6463
0.7377
0.6727
0.659
0.6512
0.701
0.6668
0.6477
0.6463
0.6531
0.7294
0.7934
0.659
0.6585
0.6448
0.6575
0.6502
0.8096
0.6463
0.6639
0.6433
0.6453
0.6609
0.6487
0.6453

1.1019
0.8267
0.8115
0.8042
0.7841
0.8008
0.7851
0.7871
0.7778
0.7807
0.7895
0.79
0.8047
0.7792
0.924
0.8174
0.789
0.7954
0.789
0.7822
0.7812
0.7983
0.7851
0.7841
0.9621
0.92
0.8956
0.8174
0.8467
0.7817
0.7802
0.7871
0.7783
0.7841
0.7861
0.7998
0.9298
0.902
0.7861
0.9303
0.7812
0.789
0.8237
0.9782
0.8775
0.7778
0.7964
0.9078
0.8883
0.7924
0.7827
0.7812
0.858
0.8682
0.7783
0.8257
0.7851
0.792
0.9044
0.7724
0.7685
0.7704
0.7709
0.7964
0.7856
0.811
0.769
0.7714
0.79
0.7983
0.7851
0.77
0.7729
0.77
0.7685
0.77
0.7714
0.7783
0.7685
0.7729
0.7788
0.7704
0.7861
0.7729
0.7695
0.7998
0.7748
0.7739
0.7685
0.7695
0.7695
0.7695
0.7685
0.7778
0.7924
0.8213
0.7685
0.7768
0.9054
0.7773

1.2466
0.9455
0.9381
0.9196
0.8878
1.0325
1.2276
0.9039
0.8658
0.9523
0.8599
0.8575
0.8599
1.1229
1.0775
0.8765
0.9328
0.9323
0.9298
0.9533
0.9308
0.9284
0.9738
0.8863
0.9225
0.8707
0.8594
0.8687
0.966
0.8692
0.8672
0.8961
0.8589
0.876
0.8638
0.8834
0.8619
1.1342
0.856
0.8697
0.858
0.8545
0.8575
0.8834
0.8682
0.858
0.8589
0.856
0.8565
0.8609
1.0168
0.8883
0.8751
0.856
1.0354
1.0428
0.8663
1.0951
1.0672
0.8628
0.8599
0.8589
0.9631
0.854
0.8614
0.8619
1.3092
0.9645
0.8584
0.8624
0.8658
0.8883
0.8555
0.857
0.8531
0.9049
0.8511
1.012
1.0041
1.0007
0.9411
0.9406
0.8814
0.8413
0.8438
1.0824
0.8462
0.8472
0.966
0.8624
0.8643
0.8536
0.8472
0.8521
0.8883
0.8477
0.88
0.9587
0.8428
0.8448

1.3967
1.0232
1.1635
0.9631
0.9724
0.9621
0.964
0.9572
0.9709
0.9533
0.9841
0.986
0.9611
0.9689
0.9572
0.9988
0.966
0.9548
0.9596
0.9572
1.052
0.9689
0.9626
0.9826
0.9616
0.9582
0.9621
0.9836
0.9513
0.9562
0.9577
0.964
0.9548
0.9963
0.966
0.964
0.9538
0.9675
0.9611
0.9528
0.9533
0.9772
1.0164
0.965
0.9689
1.2236
1.1523
0.9552
0.9533
0.9543
0.9577
0.9753
0.9528
0.9538
0.9616
1.1459
0.9552
0.9528
1.2364
1.1816
0.9592
0.9562
0.9567
0.9572
0.9758
0.9567
0.9533
1.2046
0.9572
0.9626
1.0916
1.119
1.0628
0.9548
0.9567
0.9826
1.0027
0.9582
0.9909
0.9513
0.9816
1.1528
0.9528
0.9455
1.0868
0.9508
0.946
0.9411
0.9523
0.9699
0.9665
0.9552
0.943
1.1298
0.9826
1.0711
0.9479
0.9484
0.9792
0.9401

1.5634
1.2334
1.1811
1.1635
1.1581
1.1552
1.3253
1.1576
1.1503
1.1469
1.1508
1.1581
1.1537
1.1508
1.1484
1.1488
1.162
1.1635
1.1596
1.1528
1.3209
1.1513
1.1459
1.1562
1.1606
1.2706
1.1958
1.143
1.1503
1.1704
1.2227
1.4578
1.1464
1.4383
1.1498
1.1581
1.1826
1.1669
1.3532
1.1792
1.1943
1.3092
1.1562
1.186
1.1488
1.1552
1.1469
1.1479
1.1528
1.1528
1.209
1.1542
1.162
1.6069
1.209
1.1493
1.1909
1.1391
1.4529
1.1884
1.206
1.5375
1.229
1.1552
1.1532
1.1498
1.1914
1.1572
1.1518
1.1669
1.426
1.1322
1.1332
1.1596
1.1523
1.2735
1.272
1.1469
1.538
1.405
1.143
1.1635
1.1303
1.1366
1.1493
1.1352
1.1449
1.4373
1.1322
1.3904
1.1415
1.1352
1.1386
1.4554
1.2212
1.2354
1.1488
1.141
1.1391
1.144

1.7854
1.2393
1.2095
1.4099
1.1752
1.4197
1.2398
1.1816
1.1474
1.1787
1.1914
1.34
1.1557
1.1518
1.3596
1.3121
1.2906
1.2202
1.2613
1.2637
1.2887
1.2085
1.1503
1.1479
1.3072
1.184
1.1611
1.1459
1.1508
1.1479
1.1601
1.4916
1.1811
1.1723
1.143
1.1948
1.1488
1.1528
1.144
1.1396
1.1581
1.1459
1.1518
1.1523
1.2364
1.1513
1.1425
1.4422
1.3136
1.1625
1.452
1.4505
1.1767
1.2892
1.1625
1.4774
1.1327
1.1454
1.1669
1.1391
1.1361
1.2183
1.2456
1.1376
1.163
1.2833
1.2222
1.4148
1.2432
1.2261
1.2114
1.142
1.2984
1.6148
1.2525
1.3146
1.1474
1.2838
1.2579
1.252
1.5145
1.582
1.4412
1.1899
1.1904
1.209
1.1704
1.2975
2.2264
1.3415
2.1217
1.3116
1.2359
1.2716
1.294
1.162
1.1518
1.163
1.5898
1.1987

2.0772
1.5077
1.7223
1.4485
1.4231
1.4407
1.4251
1.4417
1.4593
1.4784
1.4515
1.7609
1.736
1.605
1.6465
1.4466
1.4813
1.4759
1.6055
1.5825
1.3894
1.4221
1.9232
1.4427
1.7287
1.5732
1.4212
1.4026
1.4119
1.6299
1.3996
1.4011
1.428
1.473
1.4246
1.516
1.4212
1.4001
1.4036
1.4001
1.3933
1.4016
1.625
1.4158
1.4055
1.5067
1.4867
1.4925
1.4769
1.4784
1.3928
1.4705
1.5038
1.6338
1.56
1.5644
1.3972
1.7101
1.4168
1.4099
1.3938
1.405
1.4109
1.4055
1.4749
1.3987
1.4084
1.448
1.4412
1.5708
1.4696
1.3992
1.4192
1.3938
1.6421
1.3938
1.3913
1.3962
1.3923
1.3923
1.3957
1.4221
1.4114
1.6148
1.3957
1.426
1.4158
1.3952
1.4011
1.4256
1.4696
1.4378
1.3972
1.4084
1.3928
1.3957
1.4202
1.3962
1.3977
1.3938

2.1662
1.6084
1.5595
1.5698
1.5331
1.6465
1.5791
1.5258
1.6265
1.5116
1.6275
1.5136
1.5067
1.5072
1.6309
1.5131
1.5444
1.4974
1.5028
1.5111
1.6099
1.5028
1.5424
1.5546
1.5111
1.5116
1.5072
1.516
1.5253
1.5532
1.514
1.5263
1.5121
1.5272
1.5668
1.5101
1.9081
1.5092
1.5067
1.5365
1.5287
1.8851
1.5336
2.0284
1.515
1.6764
1.582
1.6157
1.5131
1.5409
1.7683
1.4911
1.5654
1.4857
1.492
1.4842
1.6861
1.494
1.7331
1.4974
1.5067
1.492
1.5688
1.4828
1.4979
1.5155
1.4916
1.4955
1.4823
1.5209
1.494
1.4867
1.4999
1.4984
1.4862
1.4813
1.5409
1.4872
1.5302
1.4803
1.5087
1.4857
1.4803
1.4857
1.7878
1.4876
1.4857
1.516
1.496
1.5287
1.5483
1.6529
1.493
1.8431
1.4984
1.5121
1.6509
1.5013
1.9262
1.5233

2.3403
1.8162
1.7834
1.7365
1.7384
1.7551
1.8607
1.716
1.7023
1.8665
1.734
1.7189
1.7101
1.7648
1.716
2.1076
1.7067
1.8411
1.8318
1.6993
1.7101
1.8876
2.4908
2.0284
2.0083
1.7047
1.7023
2.1418
1.7575
1.7032
1.7052
1.7032
1.7076
1.7326
1.7189
1.9492
1.7174
1.7301
1.7028
1.7487
1.7003
1.7032
1.7018
1.7502
1.7047
1.7096
1.7072
1.7248
1.7028
1.7321
1.7028
1.7067
1.7081
1.7032
1.7072
1.7067
1.737
1.7091
1.7018
1.7037
1.7981
1.8284
1.7389
1.7448
1.6993
1.7003
1.7399
1.7565
1.713
1.7785
1.6993
1.6856
1.6793
1.6925
1.6788
1.6715
1.6832
1.6739
1.6759
1.7428
1.6847
1.6768
1.6798
1.672
1.6861
1.7072
1.6847
1.7042
1.6832
1.6749
1.6793
1.7072
1.7028
1.7096
1.979
1.6783
1.7052
1.801
1.7873
1.8915

2.549
1.8294
1.9105
1.8142
1.7873
1.7756
1.7604
1.7507
1.7634
1.78
1.7756
1.7663
1.7717
1.7898
1.8191
1.76
1.7956
1.758
1.757
1.7497
2.2078
2.0015
1.8631
1.8084
1.7575
2.1237
2.1799
1.8401
1.7595
1.7756
1.9487
1.7463
1.8147
1.7526
1.7732
1.76
1.7521
1.7502
1.7536
1.7512
1.7531
1.7556
1.7595
1.8211
1.7692
1.757
1.7453
1.7795
2.1159
1.7468
1.8421
1.7521
1.7751
1.7908
1.7595
1.7438
1.7961
1.7487
1.7844
1.7463
1.7629
1.7556
1.756
1.7849
1.7751
1.7487
1.7702
1.7448
2.1467
1.7472
2.2948
1.7854
1.7536
1.7644
1.7516
1.7565
1.7477
1.7624
1.7575
1.7482
1.7272
1.7766
1.7399
1.7262
1.7443
1.7556
1.7844
1.7961
1.7375
1.7243
1.714
2.0073
1.7032
1.7453
1.734
1.7336
1.7257
1.7277
1.8025
1.9599

2.8062
2.2708
2.1975
2.0616
2.0504
2.1066
2.1789
2.0489
2.0264
2.0626
2.0621
2.044
2.4884
2.0533
2.0303
2.2317
2.265
2.0631
2.0298
2.0435
2.0675
2.0733
2.021
2.1022
2.0367
2.1027
2.0533
2.0416
2.0328
2.0988
2.0186
2.0543
2.0675
2.0376
2.0455
2.0856
2.0376
2.0484
2.0562
2.0328
2.1276
2.043
2.0499
2.0484
2.042
2.0479
2.2132
2.0347
2.044
2.0406
2.0504
2.0724
2.046
2.0484
2.0533
2.0582
2.0445
2.0538
2.0919
2.1139
2.046
2.308
2.0538
2.0386
2.0352
2.2176
2.1579
2.0528
2.088
2.2987
2.2391
2.2298
2.0709
2.3002
2.4688
2.0851
2.0328
2.0127
2.0083
2.0631
2.0093
1.9976
2.0675
2.0293
2.0914
2.0606
2.0132
2.0401
2.0059
2.0024
2.0205
2.483
3.9189
2.0988
2.3593
2.6375
2.0787
2.33
2.0024
2.0142

2.9836
2.3197
2.2518
2.221
2.2151
2.2498
2.2474
2.2273
2.199
2.2151
2.9934
2.7363
2.2024
2.2317
2.816
2.2088
2.2386
2.2083
2.2278
2.2136
2.2117
2.1985
3.4789
2.3496
2.2161
2.2381
2.2039
2.2058
2.2479
2.2044
2.2039
2.2508
2.2068
2.1985
2.2405
2.2088
2.2689
2.2396
2.2342
2.4317
2.2112
2.2088
2.2376
2.2694
2.3051
2.2322
2.2777
2.2014
2.418
2.2136
2.2161
2.2229
2.2557
2.2572
2.2532
2.2347
2.222
2.3564
2.2112
2.2562
2.2268
2.5974
2.1736
2.1789
2.2444
2.1872
2.1755
2.1916
2.1848
2.1975
2.2342
2.1623
2.1912
2.1726
2.2166
2.1799
2.1784
2.2371
2.1887
2.222
2.1726
2.1799
2.1809
2.1902
2.1701
2.7113
2.1726
2.1731
2.3178
2.2405
2.2044
2.1706
2.6282
2.1931
2.2078
2.175
2.2
2.1902
2.4586
3.1034

3.2354
2.3725
2.2865
2.2733
2.2337
2.2161
2.2645
2.2503
2.2469
2.2107
2.2171
2.5568
2.2405
2.2767
2.2244
2.2298
2.2097
2.2371
2.507
2.2894
2.2151
2.3232
2.2088
2.2586
2.6571
2.8971
2.2048
2.2332
2.2601
2.2205
2.2454
2.2127
2.2053
2.2547
2.1765
2.7998
2.1814
2.1765
2.1672
2.1892
2.1828
2.4542
2.1814
2.6527
2.22
2.1868
2.1516
2.1804
2.1853
2.3359
2.2092
2.1716
2.2044
2.1848
2.1912
2.4136
2.6913
2.3139
2.2136
2.2914
2.5788
2.3896
2.4659
2.3598
2.1736
2.2083
2.2249
2.1692
2.175
2.1897
2.198
2.2176
2.1843
2.4962
2.2611
2.1828
2.6791
2.2542
2.2146
2.1843
2.1907
2.1828
2.177
2.416
2.5397
2.1931
2.221
2.1789
2.1921
2.1907
2.1926
2.2356
2.1745
2.1613
2.2034
2.1638
2.306
2.3628
2.1926
2.1784

3.6774
2.6199
2.5461
2.4904
2.4204
2.3828
2.8976
2.3623
3.0193
3.0829
2.3701
2.3794
2.3559
2.3887
2.3579
2.395
2.9357
2.3789
2.3505
2.374
2.3564
2.5388
2.4165
2.3623
2.3584
2.3662
2.3828
2.9739
2.9269
2.3769
2.3647
2.3618
2.3647
2.3628
2.6854
2.373
2.4038
2.3764
2.4082
2.354
2.5163
2.8644
2.4072
2.5451
2.3872
2.5168
2.7104
2.3632
2.5138
2.3764
2.7617
2.3755
2.5446
2.3525
2.3515
2.7123
2.3364
2.3212
2.3085
2.3427
2.3256
2.394
2.3823
2.3515
2.2997
2.3373
2.46
2.5358
2.5749
2.6004
2.3657
2.3354
2.5524
2.4332
2.3261
2.3368
2.4728
2.3632
2.309
2.3202
2.6796
2.3623
2.3148
3.1005
2.3232
2.4361
2.8658
2.9572
2.6033
2.3285
2.55
2.3276
2.3412
2.8243
3.187
2.3852
2.4688
2.6106
2.3222
2.3618

3.6969
3.5092
3.2887
2.6028
2.6805
2.6048
2.9426
3.0927
2.6277
3.0775
2.5813
2.5832
2.572
2.6013
2.57
2.6238
2.57
2.5832
2.5784
2.5749
2.5896
2.573
2.5617
2.529
2.5353
2.5256
2.5984
2.5427
2.5867
2.5515
3.1538
2.5945
2.5417
2.6087
2.5979
2.7436
3.2442
2.5568
3.0731
2.5544
2.5353
2.5495
2.527
2.529
2.5412
2.5358
2.5363
3.1909
2.5818
2.5549
2.5485
2.9861
2.5314
2.9832
2.5823
2.5422
2.5412
2.5515
2.793
2.5446
2.5319
2.529
2.5412
2.5383
2.5373
2.5446
2.5388
2.5295
2.5241
2.5378
2.5945
2.5329
2.5334
2.5544
2.5588
2.5466
2.5329
2.5339
2.5383
2.8908
2.858
2.5612
2.8282
2.8106
2.9098
2.9788
2.5808
2.6874
2.9836
2.8257
2.6849
2.8184
2.5798
2.571
2.636
3.3288
2.6062
2.5837
2.5368
2.5392

4.0401
3.1518
3.9208
3.0003
2.9753
2.9577
2.9827
3.6798
3.8544
3.6637
2.9494
2.9548
2.9533
3.1518
2.9685
3.0076
2.947
2.9475
2.9436
3.0012
2.9568
2.9494
2.9714
2.9646
2.9714
3.0071
2.9568
2.9636
3.3127
2.9572
2.966
2.9509
2.9651
2.9734
2.9621
2.9533
3.0355
2.9225
2.9152
2.9069
2.9318
2.9338
2.9235
2.9328
2.9206
2.9216
2.9025
2.9553
2.9915
2.9524
2.9895
2.9064
3.0961
2.9866
3.2149
2.9005
2.9137
3.5537
2.9059
2.8878
2.9245
3.1117
3.4843
2.9514
2.9445
2.9118
2.9504
2.9328
2.9235
2.9318
3.1953
3.6026
3.254
2.9783
3.2838
3.0281
3.1983
3.5405
2.9792
2.925
2.9318
2.9318
2.9739
2.9299
2.9455
2.9348
3.0404
2.9137
2.9607
2.9876
2.9299
2.923
2.9123
3.0795
2.9773
2.9064
3.0814
2.9827
2.9113
3.3938

4.4845
3.7375
3.168
2.9597
2.9416
2.9499
3.0472
3.233
3.7033
2.9665
4.0616
3.0012
3.6559
2.9274
2.9313
2.923
2.9416
2.9338
2.9455
2.945
2.8908
3.494
3.0888
3.3645
3.366
2.9431
3.0795
3.3454
3.5571
3.4119
2.9885
3.4672
3.2472
3.2388
2.9382
2.9426
3.2657
2.9597
3.2687
3.2819
3.1684
2.8815
2.8873
2.8908
2.8829
2.8942
2.8741
2.9064
3.056
2.8942
2.8776
2.8932
2.8883
2.9181
2.8996
3.2066
3.0291
2.9074
2.8878
2.8932
2.925
2.8844
2.9299
2.8888
2.9352
2.8815
2.8756
3.1577
3.0027
3.0888
2.8829
2.9362
2.9025
2.882
2.8868
2.8888
3.9463
2.88
2.9333
2.8707
3.124
2.9059
2.922
3.1636
3.1914
2.8629
2.8805
2.9015
2.8956
2.8722
2.8692
2.8644
2.8961
2.8653
2.8683
2.8834
2.9455
2.8854
2.9191
2.9939

5.6339
3.2936
3.9565
3.1841
3.1445
3.1552
3.1386
3.2789
3.1479
3.1406
3.1694
3.1406
3.1279
3.1381
3.7326
3.1044
3.1332
3.1557
3.1288
3.3396
3.3796
3.3684
3.2115
3.5097
3.6945
3.1386
3.1313
3.1347
3.188
3.211
3.2633
3.168
3.2354
3.0976
4.0142
3.0868
3.3088
3.0917
3.0897
3.0971
3.0971
3.0922
3.12
3.1117
3.1572
3.0883
3.1567
3.0888
3.0839
3.0824
3.1494
3.0237
3.0384
3.0501
3.3606
3.231
3.1694
3.2892
3.4984
3.0565
3.012
3.2012
3.1034
3.0892
3.8094
4.1687
3.0868
3.0951
3.102
3.0819
3.6891
3.0892
3.1308
3.0878
3.0976
3.1034
3.1044
3.0888
3.1533
3.8539
3.0922
3.1308
3.1137
3.453
3.1122
3.0941
3.1298
3.0951
3.1112
3.2159
3.0804
3.428
3.5468
3.1269
3.19
3.167
3.0912
3.0951
3.4398
3.0946

5.519
3.8925
3.5512
3.3831
3.4735
3.3728
3.4833
3.3928
3.3606
3.8343
3.3767
3.3415
3.3185
3.2965
3.3376
3.3469
3.3117
3.2965
3.3092
3.3083
3.6793
4.1795
3.649
3.3039
3.3244
3.2897
3.3068
3.8407
3.3278
3.3053
3.3083
3.3127
3.2995
3.3337
3.3136
3.3073
3.3308
3.3171
3.3141
3.3014
3.5728
3.3596
3.296
3.3317
3.5444
3.3537
3.3024
3.3092
3.3156
3.3821
3.322
3.5336
3.3347
3.5175
3.3215
3.3102
3.3132
3.3195
3.3508
3.4295
3.3508
3.3068
3.3298
3.3156
3.3088
3.2628
3.3117
3.3014
3.3034
3.3058
3.8861
3.2956
3.3464
3.3254
3.3195
3.9321
3.3268
3.3039
3.2892
3.3112
3.3503
3.3528
4.8209
3.7385
3.8025
3.8431
3.4012
3.3161
3.32
3.7062
3.3909
3.3092
3.6202
3.3469
3.3733
3.585
3.3875
3.541
3.6573
3.3014

5.0531
3.6461
3.5918
3.5522
3.5415
3.5405
3.5312
3.5371
3.5292
3.56
3.5371
3.5718
3.6124
3.5283
3.5547
3.5288
3.5273
3.6036
3.5268
3.519
3.5424
3.5263
3.6627
3.736
3.9717
4.33
3.826
3.5449
4.2284
3.5635
3.9018
4.0181
3.5341
3.5283
3.5234
3.5283
3.5248
3.5522
3.5517
3.5752
3.5454
3.5361
3.5131
3.5229
3.5004
3.585
3.5424
3.5405
3.518
3.5156
3.5796
3.5156
3.5356
4.0704
4.176
3.5732
3.6818
3.5806
3.5718
3.5816
3.6945
3.5195
3.538
3.6124
3.7576
3.5297
3.5146
3.5679
3.5268
3.5224
3.5224
3.5224
3.52
4.4518
3.542
3.5879
3.5141
3.5429
3.561
3.5151
3.7478
3.4823
3.539
3.5356
3.5229
3.5234
3.5327
3.5498
3.5292
3.5239
4.3071
3.6251
3.5977
3.9663
4.1452
4.1208
3.8969
3.5214
3.8006
3.912

5.5718
4.0455
3.89
4.2181
3.8064
4.2939
3.8025
3.8133
3.7937
3.8333
4.3589
3.7918
3.7972
3.7756
3.7947
3.8079
3.8182
3.7996
3.7879
3.78
3.7884
3.7835
3.7947
3.8118
3.784
3.8055
3.7913
3.8685
3.7967
3.8055
3.8094
3.9008
3.871
3.7928
3.9384
4.2068
3.8426
3.824
3.8245
3.8162
3.8035
3.7942
4.1716
3.7756
3.8006
3.8206
3.7942
3.8079
3.7976
3.782
4.1296
4.1501
4.3995
4.0739
4.0788
4.1995
3.8529
4.2332
4.5701
4.2973
3.8969
3.7165
4.267
3.8905
3.9614
3.8759
3.805
4.3648
3.8754
4.4283
4.0118
4.134
4.1242
3.8006
4.6239
3.8328
4.1492
3.9932
3.9878
3.824
4.5476
4.4396
5.0971
3.7835
3.7859
3.824
3.869
3.9106
3.848
3.7937
3.8025
3.8123
3.7854
3.8984
3.7928
4.4718
3.8333
3.847
3.8969
3.8138

5.7292
4.3843
4.1428
4.0871
4.1902
4.2494
4.0866
4.1795
4.0509
4.3755
4.1091
4.0631
4.0504
4.0421
4.0436
4.1863
4.2225
4.0396
4.047
4.0509
4.133
12.3332
12.7277
5.2081
4.9788
5.9302
5.2936
4.091
4.0524
5.6432
4.0548
4.0568
4.1912
4.0753
4.5383
4.0577
4.2474
4.067
4.4078
4.2552
4.0196
4.047
4.0494
4.0851
4.0558
4.0411
4.0377
4.0905
4.0299
3.9912
4.0685
4.0489
4.0748
4.023
4.044
4.0372
4.1565
4.2132
4.1408
4.0851
4.0543
4.1408
4.8849
4.0744
4.1154
4.0763
4.0489
4.1003
4.0709
4.1765
4.7627
4.4616
4.1829
4.0856
4.0788
4.6038
4.1081
4.0832
4.1418
4.0763
3.9634
3.9634
3.9839
3.9497
4.0959
3.9487
3.9595
4.2528
4.0162
4.4713
4.7373
3.9634
4.221
4.1687
4.0729
4.3926
4.4982
3.9937
4.0724
4.2528

6.0456
4.5408
4.4366
4.4053
4.3134
4.2909
4.2944
4.2988
4.8224
4.2772
4.86
4.2939
4.2655
4.2758
4.2865
4.2802
4.288
4.2758
4.2704
4.2807
4.2611
4.2689
4.2724
4.2792
4.3819
4.6992
4.531
4.6312
4.4748
4.4831
4.2704
4.2665
4.3848
4.3496
4.2836
4.2777
4.2763
4.2694
4.2318
4.4743
4.2895
4.2494
4.528
4.2885
4.3985
4.2997
4.1804
4.1927
4.1741
4.1878
4.1707
4.1663
4.1971
4.1775
4.2601
4.1702
4.2376
4.1809
4.1844
4.3447
4.3256
4.2968
4.3051
5.3743
4.3046
4.2812
4.2728
4.2909
4.2973
4.2846
4.2582
4.2772
4.3076
4.2934
4.2318
4.2841
4.8057
4.3682
4.8072
4.356
4.2807
4.2728
4.2831
4.2743
4.2709
4.2709
4.3247
4.334
4.5784
4.3335
4.2474
4.8184
4.2963
5.0218
4.2479
4.2347
4.3242
4.2821
4.3041
4.2997

6.7222
5.0145
4.7515
5.0321
4.9539
4.7466
4.6708
4.6757
4.686
4.6781
4.7031
4.7407
4.6943
4.6737
4.6713
4.6605
5.5029
4.9064
4.6654
4.8571
4.682
5.4369
4.7344
4.6537
5.5503
4.7231
4.6615
4.6605
4.6649
4.6586
5.3533
5.3288
4.662
4.7368
4.6566
5.4232
4.6478
5.3792
4.6547
4.6713
4.6884
4.7202
4.7065
4.6561
5.1186
4.684
4.6371
4.685
4.7466
4.9817
4.8859
4.6992
4.7495
4.6811
5.3518
4.6635
4.7539
4.6669
4.6591
4.7793
4.7891
4.7588
4.6767
5.9263
5.562
5.1279
4.7314
4.7226
4.6776
4.6791
4.8928
4.6713
4.7842
4.8615
4.6556
4.7666
4.9192
4.7412
4.7842
4.7226
4.972
5.5576
4.9856
4.6845
4.6547
4.7691
4.6776
4.64
4.6664
6.1018
4.707
4.7075
4.6835
4.6723
4.7021
4.7285
4.6752
4.9099
5.2457
5.2917

7.4184
5.5982
4.8258
6.0025
4.8033
4.6483
4.6292
4.6498
5.0365
4.5984
4.7348
4.6033
4.6063
4.5916
5.0272
4.9944
5.2433
5.1719
5.0355
4.9035
4.595
4.6415
4.8228
6.1756
4.664
4.6141
4.8756
4.7876
5.4105
5.3225
5.3958
5.3895
6.1194
4.6478
4.6894
4.6224
4.6923
5.4638
4.6371
4.6547
4.6175
4.6268
4.6204
4.5833
4.5833
4.6082
4.6351
4.727
4.6082
4.5965
4.6424
4.6004
4.6082
4.5867
4.7407
4.7774
4.616
5.4124
4.6136
4.6346
4.6214
5.1206
4.6874
4.595
4.5813
4.5843
4.5901
4.6728
4.6204
4.6532
4.5926
4.5975
4.5916
4.62
4.5926
4.6581
4.6028
4.861
4.7872
4.7348
4.6424
4.5896
4.6268
4.8458
4.6351
4.5892
4.6341
4.5945
4.6899
4.7451
4.5892
4.7163
4.5838
4.6918
4.6561
4.6048
4.6048
5.2316
5.0961
4.617

7.1314
6.1204
5.234
5.1866
5.101
6.0377
5.0516
5.0174
4.991
5.0487
5.4692
6.0069
5.0404
5.056
5.0683
5.0018
5.2355
4.9984
5.0355
6.0016
5.7527
5.0248
5.144
5.0174
5.2902
5.9732
5.058
5.0707
5.0091
5.7659
5.344
5.0996
5.0414
5.2751
5.0409
5.0164
5.0336
5.0433
5.0536
5.1558
5.0306
5.0096
5.0526
5.0052
5.0521
5.0145
5.0306
5.0912
5.5723
5.0164
5.3992
5.0223
5.0531
5.0067
5.0032
5.0252
4.994
5.0111
5.2228
5.0502
5.3831
5.0003
5.0164
5.0414
5.0502
4.9891
5.1216
5.874
5.057
5.0345
5.013
5.0932
5.6422
5.148
5.2037
4.991
4.992
5.1137
5.1445
5.0321
5.0037
5.0252
5.0849
5.034
5.0952
5.0169
5.0213
5.0702
5.0355
4.9974
4.9969
5.0013
5.3161
5.0032
5.2184
5.0707
5.0287
5.0419
5.0296
5.0355

7.5298
6.3506
5.2668
5.4755
5.211
5.1568
5.167
5.214
5.17
5.1851
5.1445
5.1714
5.2804
5.2081
5.5523
5.1704
5.4907
6.1883
5.1431
5.2809
5.1856
5.1519
5.2056
5.2589
5.2032
5.1822
5.2482
5.1876
5.1621
5.3435
5.1636
5.4413
5.1475
5.2218
5.2858
5.5963
5.981
5.1739
5.1851
5.17
5.1582
5.1445
5.1924
5.2232
5.3724
5.3719
5.9224
5.5943
5.8114
5.7723
5.3269
5.5826
5.3117
5.6354
5.1807
5.1861
5.1656
5.2467
5.4608
5.1641
5.2052
5.278
5.1885
5.1714
5.212
5.1993
5.1602
5.1905
5.1553
5.1484
5.2184
5.826
5.5185
5.7718
5.1949
5.1499
5.1553
5.1568
5.1543
5.2912
5.3303
5.2721
5.1944
5.6676
5.2149
5.1548
6.1526
5.1748
5.1475
5.1778
5.7322
5.2257
5.1734
5.1572
5.2448
5.1499
6.1057
5.1792
5.1338
5.1778

