Array Length 1: 1, 

Array Length 2: 1, 2, 

Array Length 3: 3, 4, 5, 

Array Length 4: 4, 1, 1, 6, 

Array Length 5: 1, 8, 8, 8, 1, 

Array Length 6: 5, 1, 3, 1, 1, 8, 

Array Length 7: 5, 8, 4, 7, 7, 11, 3, 

Array Length 8: 14, 6, 2, 8, 11, 13, 4, 7, 

Array Length 9: 5, 10, 8, 13, 12, 1, 1, 9, 2, 

Array Length 10: 16, 7, 6, 15, 18, 3, 2, 2, 18, 18, 

Array Length 11: 5, 11, 14, 1, 19, 7, 19, 5, 13, 17, 21, 

Array Length 12: 18, 8, 12, 1, 3, 9, 22, 19, 10, 3, 14, 13, 

Array Length 13: 17, 20, 13, 13, 15, 11, 4, 10, 6, 9, 1, 19, 8, 

Array Length 14: 7, 16, 10, 14, 22, 14, 6, 27, 1, 19, 18, 12, 17, 8, 

Array Length 15: 23, 11, 7, 16, 1, 17, 8, 16, 25, 1, 8, 4, 27, 21, 9, 

Array Length 16: 6, 18, 18, 25, 31, 24, 2, 21, 16, 28, 30, 17, 17, 31, 21, 6, 

Array Length 17: 3, 2, 20, 8, 15, 27, 10, 9, 10, 4, 12, 24, 29, 25, 26, 18, 11, 

Array Length 18: 17, 9, 33, 17, 16, 35, 3, 13, 34, 35, 2, 5, 17, 1, 7, 9, 14, 3, 

Array Length 19: 1, 2, 29, 19, 25, 3, 5, 35, 29, 12, 25, 30, 30, 18, 3, 23, 6, 8, 1, 

Array Length 20: 17, 10, 5, 29, 26, 10, 36, 2, 18, 7, 14, 9, 16, 28, 19, 13, 8, 26, 27, 11, 

Array Length 21: 14, 30, 7, 8, 4, 13, 6, 27, 11, 17, 32, 17, 30, 21, 24, 28, 29, 29, 17, 28, 7, 

Array Length 22: 38, 22, 1, 9, 14, 16, 8, 11, 3, 32, 17, 4, 2, 41, 21, 1, 20, 37, 29, 38, 18, 9, 

Array Length 23: 13, 32, 16, 20, 14, 25, 44, 16, 33, 27, 3, 23, 30, 9, 39, 34, 23, 13, 16, 40, 30, 19, 43, 

Array Length 24: 14, 36, 5, 45, 9, 36, 15, 5, 8, 24, 35, 4, 28, 42, 36, 38, 24, 30, 28, 32, 25, 44, 23, 30, 

Array Length 25: 16, 13, 12, 38, 47, 47, 46, 9, 42, 23, 31, 49, 10, 40, 47, 26, 42, 8, 42, 24, 31, 11, 12, 35, 1, 

Array Length 26: 45, 3, 5, 41, 9, 2, 50, 39, 34, 40, 13, 35, 27, 14, 44, 45, 31, 15, 6, 35, 45, 39, 10, 6, 32, 18, 

Array Length 27: 42, 29, 7, 14, 33, 5, 11, 20, 25, 1, 35, 46, 44, 3, 51, 12, 5, 19, 44, 4, 13, 11, 45, 7, 42, 47, 48, 

Array Length 28: 20, 19, 55, 16, 47, 9, 15, 52, 15, 20, 16, 31, 8, 28, 47, 32, 46, 27, 5, 15, 27, 41, 43, 30, 22, 6, 18, 22, 

Array Length 29: 52, 7, 48, 18, 4, 13, 19, 30, 5, 39, 52, 15, 26, 54, 43, 53, 34, 36, 21, 27, 42, 16, 42, 55, 1, 19, 42, 30, 53, 

Array Length 30: 55, 37, 59, 8, 49, 26, 56, 36, 46, 38, 48, 10, 4, 52, 57, 39, 55, 9, 36, 17, 50, 33, 30, 2, 30, 55, 16, 1, 38, 41, 

Array Length 31: 52, 7, 2, 36, 17, 30, 10, 13, 35, 54, 14, 22, 23, 40, 4, 61, 26, 13, 19, 41, 13, 1, 9, 3, 42, 27, 27, 3, 3, 27, 50, 

Array Length 32: 15, 19, 23, 51, 17, 42, 60, 20, 15, 47, 57, 48, 63, 58, 29, 45, 30, 41, 63, 43, 29, 14, 40, 45, 48, 20, 47, 30, 11, 23, 45, 15, 

Array Length 33: 10, 51, 26, 17, 46, 47, 11, 60, 3, 63, 20, 61, 20, 45, 36, 4, 63, 46, 46, 5, 54, 44, 18, 47, 61, 55, 59, 33, 37, 7, 63, 54, 25, 

Array Length 34: 61, 45, 62, 61, 62, 60, 8, 4, 46, 49, 52, 56, 63, 18, 10, 52, 50, 5, 55, 19, 13, 55, 31, 65, 39, 1, 65, 56, 8, 62, 52, 25, 50, 16, 

Array Length 35: 32, 32, 54, 65, 10, 66, 13, 44, 35, 5, 28, 37, 17, 50, 3, 9, 35, 15, 6, 33, 30, 24, 28, 26, 13, 17, 26, 66, 7, 53, 8, 52, 45, 28, 65, 

Array Length 36: 60, 47, 8, 12, 10, 10, 68, 52, 12, 66, 6, 66, 62, 69, 32, 60, 41, 46, 54, 34, 48, 40, 62, 3, 19, 8, 49, 26, 16, 50, 1, 6, 41, 68, 42, 57, 

Array Length 37: 29, 33, 71, 15, 26, 16, 1, 23, 72, 19, 52, 46, 13, 31, 25, 15, 24, 58, 3, 50, 67, 7, 60, 34, 64, 25, 7, 36, 15, 41, 26, 34, 35, 10, 73, 61, 11, 

Array Length 38: 24, 70, 75, 49, 60, 20, 19, 69, 59, 37, 9, 61, 36, 15, 33, 41, 61, 64, 56, 6, 22, 41, 35, 35, 4, 65, 20, 40, 45, 22, 46, 5, 61, 54, 75, 42, 26, 24, 

Array Length 39: 54, 10, 26, 68, 61, 35, 2, 2, 35, 27, 61, 17, 8, 36, 65, 21, 67, 23, 32, 6, 41, 58, 73, 10, 10, 57, 44, 73, 56, 18, 39, 30, 57, 21, 50, 19, 54, 44, 31, 

Array Length 40: 20, 72, 15, 73, 1, 42, 7, 48, 21, 54, 33, 72, 33, 72, 59, 49, 50, 34, 55, 22, 61, 23, 70, 43, 58, 77, 77, 5, 56, 6, 68, 61, 51, 36, 4, 23, 50, 48, 36, 53, 

Array Length 41: 14, 32, 19, 30, 37, 47, 25, 17, 5, 74, 68, 8, 59, 56, 68, 78, 9, 40, 32, 55, 12, 60, 43, 45, 73, 40, 11, 8, 9, 66, 10, 30, 79, 3, 4, 1, 66, 44, 20, 35, 78, 

Array Length 42: 60, 16, 7, 33, 56, 54, 31, 66, 73, 20, 38, 65, 3, 12, 61, 26, 72, 52, 56, 73, 32, 23, 40, 81, 42, 60, 46, 18, 8, 56, 39, 62, 73, 18, 38, 5, 62, 47, 24, 10, 4, 50, 

Array Length 43: 10, 32, 36, 54, 57, 71, 13, 76, 46, 9, 12, 16, 56, 34, 12, 3, 79, 6, 30, 75, 53, 41, 81, 54, 50, 51, 73, 54, 19, 51, 30, 7, 69, 65, 10, 63, 9, 70, 77, 28, 55, 71, 69, 

Array Length 44: 2, 75, 40, 7, 10, 78, 33, 44, 30, 30, 48, 33, 84, 15, 20, 33, 36, 11, 5, 24, 87, 82, 53, 56, 66, 11, 2, 59, 54, 29, 54, 59, 12, 30, 10, 41, 26, 66, 61, 9, 1, 29, 74, 5, 

Array Length 45: 5, 32, 54, 80, 78, 8, 88, 52, 3, 27, 40, 26, 53, 9, 38, 10, 67, 58, 26, 8, 10, 20, 34, 64, 24, 63, 51, 16, 29, 34, 53, 70, 57, 44, 15, 41, 35, 10, 51, 19, 29, 10, 15, 23, 7, 

Array Length 46: 83, 76, 76, 55, 49, 37, 5, 79, 28, 66, 15, 52, 76, 54, 75, 48, 5, 27, 87, 62, 88, 39, 41, 73, 11, 30, 41, 68, 76, 83, 9, 9, 73, 74, 21, 84, 79, 30, 3, 80, 34, 82, 53, 66, 69, 65, 

Array Length 47: 77, 30, 81, 5, 91, 43, 26, 44, 10, 89, 54, 70, 13, 34, 86, 81, 50, 33, 61, 7, 31, 82, 9, 75, 28, 79, 57, 73, 22, 60, 33, 64, 13, 36, 21, 60, 6, 24, 76, 61, 68, 37, 58, 80, 91, 18, 8, 

Array Length 48: 36, 10, 69, 8, 19, 50, 32, 5, 87, 28, 19, 43, 43, 78, 78, 21, 28, 47, 88, 26, 55, 39, 4, 22, 86, 8, 2, 86, 21, 47, 67, 7, 4, 54, 61, 65, 94, 27, 82, 32, 78, 44, 49, 17, 72, 56, 7, 71, 

Array Length 49: 94, 38, 71, 91, 18, 78, 1, 69, 41, 57, 70, 6, 37, 19, 89, 29, 37, 15, 44, 28, 91, 22, 73, 70, 2, 87, 95, 51, 88, 38, 4, 55, 42, 87, 11, 70, 3, 65, 77, 14, 21, 29, 71, 68, 77, 47, 69, 20, 17, 

Array Length 50: 87, 87, 76, 38, 63, 85, 23, 31, 22, 81, 13, 24, 69, 97, 2, 64, 86, 21, 15, 67, 30, 68, 40, 72, 19, 42, 14, 56, 30, 13, 29, 16, 76, 47, 11, 44, 21, 60, 58, 91, 57, 79, 76, 82, 1, 96, 15, 19, 33, 95, 

Array Length 51: 27, 7, 10, 62, 63, 4, 2, 43, 90, 68, 82, 65, 32, 23, 42, 37, 94, 66, 84, 70, 55, 90, 89, 39, 27, 30, 46, 99, 44, 6, 19, 50, 71, 3, 77, 14, 58, 86, 20, 12, 18, 2, 25, 85, 70, 57, 24, 17, 39, 15, 57, 

Array Length 52: 85, 89, 98, 67, 87, 12, 8, 103, 72, 1, 45, 35, 65, 70, 33, 74, 71, 81, 11, 91, 81, 44, 85, 83, 90, 54, 89, 10, 43, 94, 55, 90, 62, 22, 18, 18, 52, 91, 26, 83, 26, 8, 14, 17, 49, 98, 24, 93, 101, 38, 2, 71, 

Array Length 53: 77, 37, 104, 10, 30, 18, 32, 64, 52, 25, 89, 55, 98, 48, 43, 7, 18, 89, 85, 29, 17, 93, 49, 85, 5, 5, 3, 14, 86, 69, 83, 49, 98, 83, 18, 95, 72, 86, 4, 61, 65, 61, 19, 31, 73, 46, 70, 93, 14, 73, 36, 8, 104, 

Array Length 54: 14, 58, 35, 35, 30, 37, 9, 76, 18, 11, 56, 99, 60, 77, 87, 84, 25, 31, 52, 31, 43, 10, 102, 51, 14, 99, 35, 59, 101, 63, 73, 86, 93, 37, 88, 63, 5, 8, 70, 84, 23, 87, 70, 33, 41, 4, 81, 92, 21, 95, 58, 2, 5, 87, 

Array Length 55: 74, 36, 20, 39, 54, 46, 15, 32, 107, 47, 17, 68, 95, 18, 77, 15, 108, 47, 83, 53, 70, 68, 97, 97, 80, 17, 81, 73, 101, 48, 4, 20, 83, 57, 25, 68, 107, 11, 77, 51, 33, 95, 59, 68, 17, 46, 82, 65, 85, 11, 109, 22, 22, 42, 67, 

Array Length 56: 66, 91, 24, 90, 105, 53, 41, 99, 86, 74, 63, 90, 20, 105, 90, 54, 52, 54, 52, 98, 1, 9, 60, 100, 101, 75, 100, 78, 36, 19, 33, 86, 11, 11, 25, 39, 18, 4, 55, 26, 74, 41, 66, 84, 42, 100, 20, 65, 104, 47, 36, 67, 110, 25, 25, 58, 

Array Length 57: 39, 79, 83, 51, 18, 73, 36, 3, 48, 48, 4, 79, 90, 59, 46, 22, 29, 96, 65, 9, 43, 24, 82, 17, 62, 95, 109, 4, 98, 112, 10, 36, 52, 7, 53, 83, 88, 22, 96, 60, 61, 5, 25, 66, 56, 67, 82, 91, 63, 83, 43, 85, 77, 13, 96, 15, 111, 

Array Length 58: 11, 68, 30, 12, 43, 93, 30, 18, 9, 22, 57, 69, 48, 12, 1, 104, 5, 24, 79, 33, 85, 40, 104, 46, 23, 1, 3, 42, 48, 93, 102, 100, 95, 2, 81, 13, 45, 40, 24, 94, 49, 82, 97, 47, 72, 33, 30, 3, 20, 5, 51, 104, 42, 1, 53, 86, 79, 99, 

Array Length 59: 56, 91, 70, 39, 43, 116, 5, 31, 87, 6, 20, 117, 5, 42, 47, 73, 13, 76, 43, 34, 114, 66, 45, 7, 32, 104, 39, 91, 63, 87, 91, 23, 89, 66, 41, 94, 87, 71, 97, 2, 2, 109, 37, 50, 37, 103, 41, 117, 27, 28, 76, 100, 50, 74, 103, 108, 47, 63, 8, 

Array Length 60: 47, 32, 75, 93, 96, 5, 32, 103, 64, 34, 70, 22, 42, 16, 60, 116, 70, 84, 9, 81, 42, 2, 4, 8, 53, 49, 59, 97, 112, 57, 4, 94, 11, 17, 41, 63, 111, 64, 73, 94, 46, 52, 43, 66, 63, 43, 94, 117, 46, 67, 115, 29, 25, 56, 59, 45, 29, 68, 41, 48, 

Array Length 61: 95, 56, 117, 2, 97, 27, 6, 118, 26, 18, 32, 72, 118, 47, 109, 84, 79, 18, 91, 84, 71, 28, 61, 88, 63, 35, 97, 28, 8, 50, 111, 15, 3, 85, 121, 27, 35, 96, 28, 120, 119, 80, 101, 69, 26, 117, 106, 116, 54, 92, 21, 23, 32, 12, 110, 68, 116, 30, 60, 63, 52, 

Array Length 62: 86, 116, 1, 57, 30, 34, 34, 71, 1, 46, 83, 96, 35, 20, 123, 5, 17, 26, 56, 10, 118, 84, 19, 90, 86, 99, 119, 33, 57, 19, 22, 88, 44, 35, 122, 117, 58, 89, 3, 94, 43, 20, 108, 86, 53, 55, 39, 116, 74, 10, 60, 72, 7, 115, 64, 2, 98, 34, 95, 54, 39, 2, 

Array Length 63: 56, 104, 66, 14, 58, 56, 28, 89, 82, 18, 18, 84, 113, 93, 74, 94, 115, 71, 71, 36, 40, 103, 42, 123, 43, 122, 4, 75, 1, 121, 122, 33, 91, 29, 29, 41, 11, 110, 47, 7, 28, 105, 64, 66, 70, 17, 106, 21, 28, 49, 69, 92, 93, 103, 18, 79, 62, 68, 97, 61, 52, 79, 88, 

Array Length 64: 25, 91, 6, 97, 86, 77, 22, 107, 39, 115, 77, 72, 67, 41, 24, 59, 90, 118, 86, 62, 87, 122, 66, 30, 125, 18, 12, 118, 71, 100, 98, 103, 12, 24, 59, 90, 89, 5, 93, 44, 14, 64, 17, 45, 86, 105, 49, 49, 107, 89, 78, 113, 54, 91, 96, 31, 26, 104, 99, 68, 66, 32, 37, 66, 

Array Length 65: 7, 24, 35, 61, 43, 119, 31, 17, 75, 42, 42, 110, 99, 104, 76, 114, 2, 73, 43, 11, 70, 20, 76, 41, 109, 99, 125, 64, 8, 40, 35, 15, 33, 65, 68, 21, 22, 33, 25, 1, 20, 38, 70, 106, 47, 38, 117, 11, 83, 56, 77, 53, 55, 98, 25, 116, 77, 123, 82, 73, 123, 96, 9, 36, 8, 

Array Length 66: 127, 88, 40, 121, 102, 128, 61, 97, 49, 73, 97, 5, 10, 77, 90, 29, 65, 82, 5, 63, 119, 80, 31, 43, 2, 38, 18, 70, 61, 6, 69, 93, 77, 11, 69, 117, 47, 25, 128, 102, 68, 104, 77, 124, 76, 101, 45, 9, 105, 100, 120, 106, 28, 78, 106, 47, 57, 129, 119, 64, 110, 123, 36, 44, 5, 5, 

Array Length 67: 95, 74, 110, 76, 132, 18, 55, 116, 4, 43, 27, 124, 93, 22, 38, 125, 38, 131, 20, 91, 36, 99, 56, 77, 88, 61, 26, 115, 1, 115, 43, 34, 127, 5, 101, 37, 129, 46, 45, 9, 53, 62, 29, 103, 94, 62, 117, 39, 56, 10, 130, 128, 120, 64, 57, 129, 19, 34, 121, 71, 126, 74, 115, 22, 133, 127, 130, 

Array Length 68: 14, 101, 23, 108, 133, 43, 26, 131, 94, 25, 119, 45, 43, 57, 92, 89, 47, 58, 112, 93, 69, 129, 121, 32, 100, 45, 68, 38, 18, 107, 29, 79, 120, 80, 55, 130, 44, 81, 129, 36, 134, 93, 93, 107, 53, 9, 131, 35, 64, 36, 24, 122, 130, 16, 114, 20, 116, 126, 9, 88, 111, 124, 114, 122, 132, 40, 61, 98, 

Array Length 69: 3, 32, 28, 34, 58, 51, 58, 79, 67, 57, 41, 71, 86, 27, 107, 137, 113, 67, 73, 11, 121, 57, 75, 34, 125, 117, 92, 43, 73, 73, 64, 25, 30, 24, 56, 95, 70, 73, 102, 6, 49, 26, 101, 126, 84, 75, 55, 34, 86, 81, 69, 41, 102, 130, 63, 83, 95, 132, 47, 79, 97, 16, 6, 132, 130, 16, 41, 63, 109, 

Array Length 70: 80, 3, 8, 39, 90, 62, 67, 22, 43, 104, 128, 30, 130, 90, 94, 49, 81, 87, 112, 39, 18, 131, 68, 93, 72, 12, 11, 61, 72, 54, 114, 78, 17, 49, 114, 101, 62, 79, 110, 101, 61, 35, 87, 33, 54, 130, 55, 137, 31, 112, 134, 67, 126, 73, 121, 88, 75, 55, 106, 78, 52, 7, 90, 129, 129, 51, 13, 82, 116, 133, 

Array Length 71: 45, 129, 81, 131, 122, 86, 61, 41, 135, 72, 55, 16, 79, 32, 39, 10, 52, 139, 130, 68, 69, 12, 94, 129, 23, 36, 20, 108, 9, 29, 87, 15, 69, 43, 8, 15, 8, 102, 21, 2, 45, 130, 36, 9, 73, 88, 131, 29, 119, 16, 3, 90, 83, 59, 69, 34, 35, 94, 108, 86, 67, 94, 33, 107, 126, 40, 88, 36, 25, 24, 2, 

Array Length 72: 125, 100, 61, 137, 12, 98, 70, 124, 110, 120, 2, 115, 124, 97, 25, 60, 18, 18, 27, 98, 105, 88, 88, 48, 110, 69, 78, 127, 6, 8, 139, 70, 55, 69, 67, 21, 142, 108, 28, 101, 57, 140, 21, 55, 42, 2, 132, 135, 62, 47, 69, 117, 107, 142, 128, 38, 13, 14, 28, 86, 20, 87, 118, 103, 125, 76, 60, 55, 31, 5, 62, 54, 

Array Length 73: 39, 130, 111, 28, 11, 126, 39, 141, 64, 102, 100, 30, 71, 136, 83, 20, 28, 82, 126, 100, 141, 119, 13, 144, 123, 52, 124, 44, 25, 143, 124, 119, 46, 6, 17, 121, 50, 1, 118, 131, 145, 30, 90, 58, 143, 89, 2, 133, 71, 75, 100, 111, 117, 90, 45, 65, 117, 113, 51, 104, 3, 141, 117, 66, 123, 127, 129, 66, 120, 108, 115, 27, 109, 

Array Length 74: 2, 115, 42, 124, 43, 5, 32, 15, 13, 68, 23, 15, 16, 76, 25, 125, 144, 136, 144, 131, 50, 141, 40, 36, 72, 78, 134, 93, 105, 118, 96, 53, 101, 146, 52, 31, 141, 24, 26, 29, 129, 128, 36, 33, 16, 45, 81, 20, 16, 122, 110, 135, 73, 75, 137, 9, 75, 7, 52, 112, 18, 87, 58, 42, 120, 117, 62, 18, 25, 141, 132, 120, 111, 116, 

Array Length 75: 138, 40, 48, 43, 109, 13, 66, 106, 132, 104, 85, 43, 63, 44, 40, 29, 69, 147, 102, 43, 106, 62, 137, 37, 99, 8, 12, 99, 17, 81, 136, 143, 3, 85, 52, 141, 22, 15, 144, 144, 36, 56, 43, 53, 48, 117, 147, 18, 40, 23, 10, 46, 42, 52, 81, 77, 52, 11, 94, 102, 2, 116, 89, 51, 117, 92, 41, 127, 141, 49, 8, 55, 4, 108, 7, 

Array Length 76: 48, 69, 100, 79, 110, 41, 34, 123, 84, 84, 37, 105, 6, 83, 101, 139, 79, 65, 55, 44, 143, 95, 60, 137, 112, 140, 58, 12, 36, 72, 121, 44, 143, 19, 151, 95, 76, 53, 88, 26, 127, 91, 115, 56, 2, 58, 12, 14, 49, 53, 41, 38, 51, 148, 145, 105, 9, 114, 119, 121, 134, 22, 87, 13, 115, 145, 113, 139, 84, 6, 63, 27, 128, 30, 69, 53, 

Array Length 77: 35, 144, 107, 148, 26, 50, 69, 64, 54, 121, 101, 134, 54, 50, 117, 40, 1, 75, 11, 105, 49, 13, 7, 141, 140, 69, 84, 18, 98, 33, 9, 135, 43, 108, 152, 55, 105, 44, 57, 144, 31, 16, 124, 77, 35, 132, 79, 12, 73, 104, 90, 99, 19, 124, 88, 23, 138, 119, 9, 111, 119, 52, 120, 21, 112, 119, 91, 99, 51, 62, 88, 111, 19, 20, 74, 33, 42, 

Array Length 78: 96, 21, 5, 32, 25, 78, 36, 82, 3, 101, 52, 44, 151, 90, 25, 152, 11, 144, 116, 107, 86, 45, 81, 90, 154, 50, 133, 83, 119, 23, 147, 33, 33, 41, 100, 7, 7, 83, 153, 23, 124, 51, 44, 80, 142, 72, 94, 8, 83, 135, 123, 92, 29, 69, 153, 51, 95, 71, 33, 130, 101, 109, 118, 136, 110, 20, 11, 111, 145, 19, 146, 83, 146, 94, 138, 36, 2, 2, 

Array Length 79: 84, 97, 11, 102, 95, 88, 72, 21, 128, 139, 118, 73, 45, 56, 41, 51, 87, 155, 71, 14, 145, 118, 27, 92, 26, 133, 3, 89, 27, 139, 32, 127, 86, 132, 101, 122, 36, 74, 122, 144, 26, 131, 51, 102, 21, 148, 7, 6, 108, 31, 18, 155, 152, 44, 94, 124, 71, 76, 77, 120, 85, 140, 152, 147, 107, 149, 145, 70, 112, 77, 16, 13, 34, 85, 145, 15, 67, 83, 72, 

Array Length 80: 147, 129, 65, 141, 95, 118, 38, 38, 77, 119, 68, 139, 144, 97, 105, 8, 98, 68, 21, 15, 26, 153, 103, 39, 39, 115, 52, 156, 47, 130, 15, 22, 76, 63, 47, 74, 94, 115, 63, 19, 122, 9, 127, 105, 130, 86, 22, 2, 119, 62, 50, 148, 5, 145, 2, 154, 26, 26, 102, 139, 67, 41, 150, 107, 104, 46, 63, 82, 51, 32, 73, 142, 6, 2, 53, 17, 26, 157, 68, 112, 

Array Length 81: 135, 48, 71, 53, 7, 128, 75, 136, 45, 157, 136, 9, 35, 63, 122, 63, 15, 78, 135, 78, 86, 67, 48, 41, 67, 39, 79, 3, 112, 89, 57, 118, 131, 157, 47, 31, 125, 106, 29, 144, 21, 90, 136, 128, 6, 4, 92, 161, 145, 116, 102, 52, 131, 120, 101, 68, 1, 31, 148, 129, 50, 72, 24, 117, 101, 18, 39, 39, 16, 91, 100, 71, 50, 153, 58, 157, 92, 82, 36, 64, 109, 

Array Length 82: 96, 30, 157, 160, 42, 157, 67, 159, 151, 121, 50, 155, 136, 158, 58, 17, 144, 138, 155, 112, 147, 90, 78, 82, 10, 67, 90, 57, 39, 60, 24, 46, 29, 152, 86, 94, 63, 133, 88, 30, 2, 38, 77, 101, 26, 116, 18, 36, 85, 5, 114, 78, 82, 103, 40, 6, 115, 76, 150, 138, 67, 11, 120, 91, 97, 5, 126, 148, 72, 128, 118, 11, 51, 126, 111, 109, 13, 141, 56, 57, 50, 55, 

Array Length 83: 161, 62, 50, 35, 41, 24, 32, 13, 99, 100, 163, 59, 76, 37, 124, 136, 156, 47, 103, 115, 23, 126, 158, 27, 23, 48, 142, 126, 60, 50, 6, 101, 18, 80, 29, 43, 123, 11, 26, 64, 100, 75, 156, 105, 140, 52, 33, 32, 95, 37, 148, 70, 92, 44, 109, 36, 70, 23, 13, 159, 48, 71, 118, 49, 94, 62, 41, 161, 8, 82, 14, 145, 22, 40, 15, 113, 135, 54, 52, 137, 15, 111, 31, 

Array Length 84: 149, 144, 56, 110, 116, 33, 70, 114, 66, 139, 67, 90, 128, 167, 142, 28, 72, 58, 56, 15, 85, 37, 101, 29, 52, 135, 4, 134, 128, 7, 49, 34, 74, 11, 29, 166, 155, 1, 158, 26, 162, 160, 166, 128, 11, 132, 106, 30, 122, 92, 37, 136, 58, 17, 46, 112, 43, 28, 59, 148, 30, 104, 154, 59, 90, 33, 17, 118, 138, 144, 41, 71, 67, 30, 20, 92, 39, 141, 18, 87, 30, 142, 12, 37, 

Array Length 85: 126, 56, 95, 63, 59, 86, 82, 165, 114, 44, 20, 139, 2, 82, 42, 99, 123, 167, 167, 116, 61, 71, 114, 44, 29, 74, 153, 63, 47, 95, 134, 87, 103, 64, 39, 75, 69, 37, 68, 138, 3, 126, 68, 39, 127, 44, 26, 147, 90, 48, 34, 57, 59, 24, 121, 56, 111, 52, 35, 154, 103, 20, 119, 19, 79, 103, 37, 107, 43, 136, 31, 87, 99, 29, 114, 105, 3, 76, 87, 154, 49, 6, 142, 168, 61, 

Array Length 86: 85, 37, 15, 3, 96, 115, 74, 18, 55, 4, 100, 123, 108, 11, 145, 51, 89, 59, 17, 152, 124, 95, 146, 87, 139, 104, 165, 120, 140, 65, 101, 10, 167, 57, 80, 141, 3, 65, 130, 18, 153, 71, 5, 9, 149, 163, 118, 16, 27, 101, 45, 84, 6, 6, 57, 162, 62, 99, 36, 164, 122, 126, 49, 162, 74, 90, 128, 52, 102, 4, 49, 24, 101, 170, 171, 54, 90, 137, 109, 148, 157, 149, 94, 39, 21, 18, 

Array Length 87: 76, 34, 48, 49, 134, 161, 47, 136, 140, 37, 153, 141, 97, 133, 25, 65, 58, 160, 9, 17, 36, 51, 48, 102, 86, 123, 117, 41, 160, 29, 144, 133, 140, 11, 91, 95, 53, 114, 74, 173, 99, 121, 68, 67, 59, 163, 134, 139, 139, 173, 160, 107, 44, 41, 27, 25, 160, 119, 137, 11, 44, 6, 150, 112, 67, 21, 2, 87, 42, 103, 12, 117, 87, 10, 91, 89, 157, 154, 43, 96, 163, 152, 76, 161, 42, 37, 90, 

Array Length 88: 62, 120, 54, 128, 38, 172, 88, 69, 105, 78, 52, 1, 153, 96, 42, 126, 144, 173, 132, 86, 101, 132, 162, 104, 117, 41, 148, 48, 57, 158, 16, 64, 25, 113, 92, 49, 86, 104, 38, 135, 164, 35, 77, 91, 98, 74, 36, 138, 168, 57, 43, 2, 7, 13, 135, 106, 133, 126, 11, 173, 25, 40, 12, 123, 63, 164, 151, 40, 4, 168, 40, 40, 136, 173, 97, 67, 56, 72, 7, 44, 5, 10, 56, 1, 115, 14, 58, 12, 

Array Length 89: 132, 155, 115, 171, 37, 29, 50, 88, 48, 55, 173, 72, 87, 142, 113, 78, 156, 76, 77, 88, 145, 170, 71, 45, 132, 20, 26, 122, 80, 148, 173, 123, 13, 35, 31, 171, 151, 150, 147, 172, 95, 75, 161, 95, 44, 4, 53, 135, 3, 92, 80, 169, 17, 125, 33, 139, 84, 70, 39, 18, 3, 105, 9, 78, 59, 50, 60, 53, 112, 119, 104, 6, 106, 82, 170, 70, 10, 154, 2, 129, 144, 69, 120, 166, 69, 5, 106, 66, 2, 

Array Length 90: 88, 137, 30, 110, 76, 59, 41, 113, 165, 13, 79, 54, 21, 69, 42, 27, 120, 141, 98, 125, 32, 18, 105, 90, 70, 50, 38, 3, 179, 117, 139, 43, 79, 27, 74, 62, 83, 1, 34, 47, 75, 17, 96, 65, 67, 128, 150, 176, 114, 148, 92, 20, 140, 107, 144, 71, 32, 119, 40, 27, 22, 38, 114, 49, 54, 36, 155, 173, 174, 160, 124, 119, 107, 51, 51, 16, 101, 41, 24, 122, 79, 42, 69, 31, 26, 119, 82, 152, 63, 3, 

Array Length 91: 73, 45, 37, 11, 158, 70, 83, 43, 130, 55, 155, 88, 77, 29, 61, 90, 28, 153, 45, 17, 100, 100, 42, 93, 102, 145, 68, 10, 72, 71, 6, 151, 140, 133, 74, 14, 117, 170, 177, 6, 141, 108, 106, 89, 106, 35, 49, 175, 143, 28, 150, 91, 103, 78, 76, 154, 3, 126, 90, 13, 2, 73, 152, 59, 50, 4, 130, 126, 136, 47, 154, 39, 158, 40, 57, 173, 176, 135, 168, 68, 96, 74, 48, 45, 102, 96, 49, 63, 57, 101, 11, 

Array Length 92: 28, 25, 133, 130, 16, 100, 74, 67, 67, 12, 59, 70, 8, 135, 171, 38, 172, 38, 66, 54, 167, 126, 76, 140, 38, 177, 80, 70, 173, 38, 151, 70, 25, 126, 118, 84, 48, 18, 62, 59, 121, 49, 39, 58, 130, 162, 148, 35, 75, 85, 163, 120, 47, 59, 7, 85, 132, 177, 92, 22, 21, 4, 78, 29, 44, 172, 45, 66, 18, 87, 174, 155, 160, 8, 116, 119, 88, 18, 10, 60, 29, 46, 179, 88, 58, 32, 23, 150, 120, 34, 135, 54, 

Array Length 93: 167, 4, 46, 66, 56, 132, 65, 92, 3, 153, 145, 52, 123, 59, 98, 170, 135, 105, 88, 92, 52, 153, 111, 2, 158, 25, 92, 132, 90, 5, 115, 171, 93, 119, 163, 155, 161, 47, 128, 113, 100, 174, 155, 27, 155, 106, 64, 76, 6, 143, 177, 150, 175, 39, 121, 15, 79, 44, 94, 31, 40, 119, 2, 184, 38, 159, 144, 5, 81, 128, 10, 88, 162, 160, 177, 64, 184, 84, 33, 53, 146, 17, 127, 133, 14, 151, 182, 55, 183, 149, 77, 117, 139, 

Array Length 94: 122, 170, 144, 1, 97, 164, 56, 118, 125, 111, 47, 33, 54, 168, 24, 118, 97, 173, 110, 131, 120, 180, 146, 49, 93, 57, 105, 8, 6, 158, 78, 88, 163, 112, 22, 41, 90, 77, 10, 168, 79, 114, 87, 182, 180, 49, 166, 119, 122, 15, 3, 181, 118, 19, 51, 129, 24, 96, 96, 41, 60, 49, 112, 154, 33, 146, 58, 129, 147, 170, 29, 20, 164, 129, 52, 7, 94, 152, 57, 45, 79, 174, 74, 178, 155, 85, 158, 144, 61, 80, 17, 182, 169, 157, 

Array Length 95: 107, 74, 152, 86, 182, 176, 100, 45, 87, 155, 126, 68, 113, 128, 43, 185, 189, 186, 55, 17, 3, 79, 81, 51, 127, 156, 137, 15, 82, 110, 128, 13, 38, 34, 22, 179, 126, 65, 159, 127, 149, 21, 96, 19, 33, 140, 60, 117, 152, 77, 64, 68, 79, 177, 168, 28, 183, 102, 148, 26, 39, 86, 152, 166, 28, 113, 30, 80, 106, 53, 59, 124, 28, 118, 58, 171, 172, 62, 18, 176, 96, 20, 52, 5, 47, 60, 124, 51, 55, 183, 186, 25, 107, 133, 88, 

Array Length 96: 60, 53, 62, 20, 34, 18, 91, 70, 21, 112, 25, 49, 42, 49, 157, 132, 150, 66, 77, 56, 72, 106, 116, 99, 61, 190, 151, 78, 187, 76, 90, 117, 109, 26, 67, 63, 53, 96, 38, 183, 127, 149, 26, 177, 57, 83, 164, 161, 81, 137, 76, 99, 20, 158, 97, 145, 129, 155, 150, 36, 59, 14, 75, 136, 22, 99, 132, 17, 173, 95, 79, 55, 29, 85, 120, 114, 80, 131, 42, 169, 27, 181, 188, 50, 1, 183, 98, 142, 120, 113, 126, 90, 137, 2, 124, 114, 

Array Length 97: 12, 32, 163, 145, 76, 50, 82, 96, 147, 67, 115, 29, 162, 161, 81, 78, 111, 136, 99, 96, 143, 134, 153, 148, 186, 31, 164, 142, 101, 42, 52, 31, 180, 17, 113, 137, 172, 127, 107, 48, 106, 87, 148, 146, 82, 24, 76, 13, 9, 5, 89, 129, 153, 139, 24, 72, 73, 16, 153, 45, 80, 134, 189, 105, 16, 85, 42, 145, 48, 138, 99, 177, 30, 52, 183, 56, 179, 8, 66, 162, 149, 152, 134, 96, 147, 116, 72, 42, 187, 42, 65, 156, 168, 62, 162, 166, 92, 

Array Length 98: 158, 10, 72, 78, 119, 83, 73, 123, 80, 21, 12, 9, 90, 81, 4, 23, 71, 13, 122, 136, 21, 162, 190, 3, 118, 64, 178, 13, 13, 7, 13, 137, 59, 9, 161, 18, 98, 159, 178, 105, 83, 24, 77, 113, 107, 158, 181, 56, 130, 66, 102, 161, 93, 119, 145, 192, 16, 69, 155, 55, 101, 61, 110, 73, 9, 70, 146, 82, 116, 182, 120, 107, 30, 18, 53, 192, 85, 77, 91, 155, 78, 122, 79, 143, 101, 47, 45, 135, 60, 164, 2, 29, 4, 123, 5, 23, 109, 4, 

Array Length 99: 111, 185, 175, 9, 163, 116, 64, 150, 12, 172, 103, 186, 16, 196, 122, 163, 30, 84, 145, 177, 92, 190, 31, 52, 49, 98, 192, 78, 121, 168, 170, 49, 131, 197, 12, 93, 22, 192, 53, 163, 61, 156, 4, 80, 133, 99, 92, 100, 56, 127, 115, 193, 32, 98, 71, 118, 155, 123, 158, 65, 122, 183, 30, 41, 3, 55, 55, 16, 185, 29, 141, 36, 31, 180, 117, 134, 187, 148, 117, 148, 6, 92, 22, 191, 54, 174, 17, 33, 127, 91, 136, 96, 35, 186, 41, 75, 127, 161, 78, 

Array Length 100: 62, 164, 82, 139, 8, 150, 54, 178, 141, 126, 197, 167, 140, 114, 43, 108, 187, 156, 169, 20, 166, 20, 67, 102, 178, 132, 7, 144, 31, 134, 131, 158, 6, 190, 59, 169, 144, 26, 125, 23, 38, 92, 129, 47, 159, 38, 1, 145, 180, 190, 129, 27, 169, 78, 195, 42, 97, 179, 160, 75, 143, 109, 147, 8, 195, 39, 161, 149, 56, 73, 163, 162, 32, 147, 182, 74, 91, 21, 143, 140, 132, 61, 163, 41, 6, 104, 188, 128, 195, 17, 72, 165, 65, 50, 79, 128, 145, 121, 51, 120, 

