0.00962000000000001
0.01733
0.019685
0.021982
0.0241470000000001
0.0263370000000002
0.0287940000000002
0.0313940000000003
0.0337290000000004
0.0362680000000004
0.0386930000000005
0.0416430000000005
0.0442810000000005
0.0470990000000005
0.0500780000000005
0.0531190000000006
0.0564620000000007
0.0595590000000008
0.0629670000000009
0.066589000000001
0.0697990000000011
0.0730550000000013
0.0763130000000015
0.0795730000000017
0.0829110000000013
0.086676000000001
0.0902870000000005
0.0939960000000001
0.0977529999999996
0.101899
0.105855999999999
0.110307999999999
0.115024999999999
0.119582999999999
0.123968999999999
0.128795999999999
0.133687999999999
0.138485999999999
0.143435999999999
0.148585999999999
0.153860999999999
0.159480999999999
0.164981999999998
0.170875999999998
0.176893999999997
0.182762999999997
0.188681999999997
0.196640999999997
0.203015999999996
0.209397999999996
0.215853999999995
0.222706999999994
0.229640999999993
0.237268999999993
0.245123999999992
0.253713999999992
0.261923999999992
0.270044999999992
0.278140999999992
0.286289999999991
0.29589999999999
0.30580699999999
0.31551099999999
0.32456599999999
0.334219999999991
0.344041999999991
0.353344999999992
0.363375999999992
0.373359999999993
0.383998999999993
0.394230999999992
0.404567999999991
0.41563199999999
0.426463999999991
0.437346999999992
0.449609999999993
0.461310999999993
0.473235999999992
0.48530199999999
0.497391999999991
0.51018099999999
0.523117999999989
0.53591099999999
0.549325999999988
0.562379999999987
0.576183999999985
0.590055999999983
0.604810999999982
0.61982999999998
0.63435599999998
0.649699999999981
0.66590799999998
0.681748999999982
0.698952999999983
0.716350999999983
0.733084999999981
0.75044099999998
0.768464999999981
0.786212999999982
0.805550999999982
