0.00719199999999999
0.00978399999999998
0.0126259999999999
0.0154279999999999
0.0182919999999999
0.0214299999999999
0.0246979999999999
0.0278849999999998
0.0310919999999998
0.0345289999999997
0.0379729999999997
0.0418689999999997
0.0458639999999997
0.0498969999999998
0.054325
0.0589800000000002
0.0640870000000004
0.0690110000000006
0.0744460000000008
0.0801610000000008
0.085881000000001
0.0914860000000011
0.0975480000000015
0.103795000000002
0.110395000000002
0.117326000000002
0.124401000000002
0.132012000000002
0.139789000000002
0.148185000000002
0.156651000000002
0.165852000000003
0.176145000000002
0.185763000000002
0.196113000000003
0.207463000000003
0.219389000000003
0.230824000000002
0.243184000000003
0.255765000000003
0.268680000000002
0.282277000000002
0.296182000000003
0.311062000000003
0.326379000000003
0.341892000000003
0.357538
0.376592000000001
0.394286
0.411314999999998
0.428859999999999
0.447285
0.466587000000001
0.487175000000002
0.508198000000003
0.532167000000003
0.554303000000004
0.577156000000003
0.601286000000004
0.625860000000003
0.651805000000002
0.678973000000001
0.707851
0.736266999999997
0.765064999999996
0.794708999999994
0.824187999999995
0.853831999999997
0.883439
0.915649
0.948983000000002
0.980850000000001
1.016752
1.050849
1.085077
1.125049
1.163275
1.201246
1.24109
1.280189
1.319783
1.365495
1.407859
1.45327000000001
1.50063300000001
1.54807200000001
1.59706800000001
1.64551800000001
1.69528600000001
1.74693800000001
1.79812300000001
1.853061
1.90656000000001
1.963304
2.020875
2.07818500000001
2.13822300000001
2.19652600000001
2.25953700000001
2.32101400000001
