
1

1

4

1

8

1

7

7

8

7

13

10

11

14

11

18

12

13

18

14

17

16

23

28

31

31

20

22

30

37

22

40

45

50

28

41

29

40

35

48

35

40

51

33

32

55

50

43

47

44

43

62

52

52

57

55

59

43

56

53

63

55

66

68

53

70

71

81

69

75

59

69

100

72

55

76

74

83

85

68

78

82

62

70

75

89

90

74

82

71

78

70

105

97

87

90

99

81

103

126
