
1

2

4

4

8

3

7

8

8

15

13

12

11

14

11

21

12

14

18

16

17

17

23

28

31

32

20

22

30

38

22

41

45

50

28

42

29

41

35

49

35

42

51

33

32

62

50

43

47

47

43

65

52

56

57

58

59

45

56

56

63

56

66

71

53

73

71

88

69

78

59

70

100

73

55

79

74

83

85

73

78

85

62

71

75

90

90

77

82

74

78

70

105

97

87

91

99

82

103

128
